0 3 0 3
0 0 4.80808423821618e+00
0 1 -1.22024556087613e-02
0 2 -6.18515902179393e-03
0 3 -2.39494588044373e-02
0 4 -8.13454688245556e-01
0 5 -1.03737862126352e-01
0 6 -8.72610124515345e-02
0 7 -8.23509017448473e-02
0 8 -8.96225699314182e-02
0 9 -9.00616022566507e-02
0 10 -3.78125768081362e-02
0 11 -1.36596687206432e-02
0 12 -4.13357369792762e-03
1 1 4.91521290949439e+00
1 0 -1.22024556087613e-02
1 2 -3.72194798453827e-04
1 3 -2.10503924875681e-03
1 4 -1.91199666320565e-02
1 5 -5.43100583277868e-04
1 6 -2.49375598057380e-01
1 7 -9.93691447684925e-02
1 8 -2.41835102676096e-02
1 9 -1.29287429111600e-02
1 10 -1.92059758725911e-02
1 11 -2.17794081393130e-03
1 12 -1.80641241282625e-02
2 2 5.03530747690630e+00
2 0 -6.18515902179393e-03
2 1 -3.72194798453827e-04
2 3 -5.84938937510825e-01
2 4 -3.60146194305680e-02
2 5 -1.21808453000145e-02
2 6 -3.35522701480092e-03
2 7 -1.45121797795335e-02
2 8 -2.89490440831221e-02
2 9 -1.25459088305661e-03
2 10 -2.54394329568643e-03
2 11 -3.66392349458051e-03
2 12 -1.22963794920202e-03
3 3 4.83013642163633e+00
3 0 -2.39494588044373e-02
3 1 -2.10503924875681e-03
3 2 -5.84938937510825e-01
3 4 -1.08329566300912e-01
3 5 -6.55689074862548e-02
3 6 -1.86354136665324e-02
3 7 -5.98484998838988e-02
3 8 -1.60990944797321e-01
3 9 -7.83759172351748e-03
3 10 -1.52723541406191e-02
3 11 -5.70928628417468e-02
3 12 -7.67576422957548e-03
