0 88 0 88
0 0 5.33004168391046e+00
0 1 -8.61322816967978e-03
0 3 -4.46049166026018e-02
0 4 -4.56635501595179e-02
0 5 -3.64301061592728e-02
0 6 -6.68926692965154e-02
0 7 -2.52123798145304e-01
0 8 -7.58122586906706e-02
0 9 -1.01317663817664e-02
0 11 -2.51250847117817e-02
0 12 -3.85501156970687e-01
0 13 -3.17448286031359e-02
0 15 -2.24491779175240e-02
0 16 -7.20652632689670e-03
0 17 -5.95168860493682e-02
0 18 -8.21862999389510e-02
0 20 -1.09467652379440e-02
0 21 -2.59049194533066e-02
0 22 -4.32380186015784e-02
0 23 -2.40735871624517e-02
0 26 -4.31563395296445e-02
0 28 -3.71876236443087e-02
0 29 -5.03240898618688e-02
0 33 -1.11491006392151e-03
0 35 -1.44219755420472e-02
0 36 -7.08078496747294e-03
0 37 -4.81357995851827e-03
0 40 -8.99006845193853e-04
0 43 -4.11985814096711e-03
0 89 -1.01317663817664e-02
0 97 -2.94812440645774e-03
0 99 -1.72316094896740e-02
0 110 -5.09010901484020e-03
1 1 5.27719796500838e+00
1 0 -8.61322816967978e-03
1 2 -1.94668097467915e-01
1 4 -3.79960225461484e-01
1 8 -3.56125356125356e-03
1 9 -9.70719095719097e-03
1 10 -2.16558553758022e-01
1 12 -7.96850998463902e-04
1 13 -3.86669272746183e-01
1 14 -4.04156326951844e-01
1 15 -3.78871444581825e-02
1 18 -8.86456733230927e-04
1 19 -1.71970691804426e-02
1 23 -1.34541649127584e-02
1 24 -5.90036325736744e-02
1 25 -2.69960608313546e-02
1 26 -4.54777779613021e-03
1 27 -2.10587483538527e-02
1 30 -4.16845069718985e-02
1 36 -3.74115412920477e-03
1 44 -2.19852923633708e-03
1 53 -7.01429837746175e-04
1 89 -1.15740740740741e-03
1 90 -3.91865079365080e-03
1 91 -1.84281909597770e-02
1 95 -8.40053763440861e-04
1 101 -1.24684343434344e-02
1 102 -1.35264682172634e-02
1 104 -3.91865079365080e-03
1 105 -3.23505148773966e-03
2 2 5.46857852063822e+00
2 1 -1.94668097467915e-01
2 4 -1.51088035225652e-02
2 10 -3.74553946506340e-02
2 13 -6.07825567502987e-03
2 14 -3.82219437699927e-01
2 15 -3.79330943847073e-03
2 19 -1.94001835472309e-01
2 24 -4.05768369175628e-02
2 25 -3.83029516899834e-02
2 27 -9.83928777893399e-03
2 30 -1.55270358808340e-02
2 45 -2.10428951323853e-03
2 91 -2.45570923420820e-02
2 95 -7.56048387096774e-03
2 102 -2.45570923420820e-02
2 105 -5.68623058542414e-03
2 124 -1.25737079431148e-03
3 3 5.28465003492851e+00
3 0 -4.46049166026018e-02
3 5 -3.74340474247820e-01
3 6 -5.34612840862841e-02
3 7 -1.57711150303743e-03
3 11 -3.91746271093204e-01
3 12 -1.11268191700139e-01
3 15 -1.67568097197727e-03
3 16 -3.78488168666379e-01
3 17 -2.07712329638480e-02
3 18 -1.87281990985695e-03
3 20 -3.69429377027379e-02
3 21 -1.12828276082133e-02
3 22 -1.87281990985695e-03
3 28 -4.13441288031516e-02
3 29 -1.00751193025361e-02
3 31 -1.36812839175829e-02
3 37 -5.04997672300251e-04
3 38 -6.28264820657005e-04
3 42 -2.17506871455305e-03
3 46 -5.56690347417599e-04
3 54 -3.61848725821440e-04
3 92 -3.82128647214854e-02
3 97 -2.62896851334236e-02
3 99 -5.91416813639036e-04
3 108 -1.29865390312183e-02
3 130 -2.50510656337920e-04
4 4 5.28348990744579e+00
4 0 -4.56635501595179e-02
4 1 -3.79960225461484e-01
4 2 -1.51088035225652e-02
4 8 -8.52326685660020e-02
4 9 -1.09942380150713e+00
4 10 -2.02745629829657e-01
4 12 -2.17805939580133e-03
4 13 -3.92652822253287e-01
4 14 -4.70661157653454e-02
4 15 -4.55569876952632e-01
4 18 -3.55724099675713e-03
4 19 -1.11901053639897e-02
4 22 -1.10185185185185e-03
4 23 -3.95413636708440e-02
4 24 -8.55139130831336e-02
4 25 -2.10494595431772e-02
4 26 -1.43694458667577e-02
4 27 -1.32186847259812e-02
4 29 -2.65200617283951e-03
4 30 -3.16742737349441e-02
4 35 -3.53240740740741e-03
4 36 -1.16477820570855e-02
4 41 -7.83926218708828e-03
4 44 -3.74279258220353e-03
4 89 -4.02006172839506e-02
4 90 -3.88007054673722e-03
4 91 -1.06729860834550e-02
4 95 -5.04032258064516e-04
4 101 -6.53468445135112e-02
4 102 -1.01903355522440e-02
4 104 -3.88007054673722e-03
4 105 -2.62053314622013e-03
4 110 -3.24074074074074e-04
4 111 -2.24358974358975e-03
4 115 -2.24358974358975e-03
4 122 -1.12345679012346e-03
4 123 -7.54662004662005e-03
5 5 5.28906193681039e+00
5 0 -3.64301061592728e-02
5 3 -3.74340474247820e-01
5 6 -1.09317935424790e+00
5 7 -1.05570478903812e-02
5 11 -3.65343057722890e-02
5 12 -9.13598302510929e-02
5 15 -1.40917107583774e-03
5 16 -3.82661402580477e-01
5 17 -1.87823688271605e-01
5 18 -1.57495590828924e-03
5 20 -1.93198700547523e-01
5 21 -7.78467908902692e-03
5 22 -1.57495590828924e-03
5 28 -2.66262174765843e-02
5 29 -7.20443217544667e-03
5 31 -2.88786482334870e-03
5 92 -9.97382080973892e-02
5 93 -1.55831265508685e-02
5 97 -3.78303405106290e-01
5 98 -4.91315136476427e-02
5 99 -9.72812372812374e-03
5 107 -4.01916184174249e-02
5 108 -1.53856985308598e-02
5 113 -7.15811965811967e-03
5 189 -6.78246484698098e-03
6 6 5.65581854043393e+00
6 0 -6.68926692965155e-02
6 3 -5.34612840862841e-02
6 5 -1.09317935424790e+00
6 7 -1.09046043562173e+00
6 8 -8.87573964497042e-03
6 11 -1.64097476597477e-02
6 12 -6.68358355691131e-02
6 15 -1.46614069690993e-02
6 16 -6.26780626780627e-03
6 17 -1.05487179487179e+00
6 18 -8.11965811965813e-03
6 20 -7.85510785510786e-03
6 21 -1.04942743091411e-02
6 22 -8.11965811965813e-03
6 28 -1.43476491302578e-02
6 29 -1.47342995169082e-02
6 92 -2.70668611459455e-02
6 93 -2.89231010083383e-02
6 97 -5.13647642679901e-02
6 98 -1.66274108209592e-01
6 99 -5.33354910634013e-02
6 107 -1.09485843933657e-02
6 109 -1.29714968424646e-03
6 113 -5.07765830346476e-03
6 114 -3.68292556230845e-03
6 117 -7.37540236703247e-03
6 120 -1.93719064686807e-03
6 189 -5.29540987397387e-03
6 191 -5.52665047982426e-03
7 7 5.48371358024691e+00
7 0 -2.52123798145304e-01
7 3 -1.57711150303743e-03
7 5 -1.05570478903812e-02
7 6 -1.09046043562173e+00
7 8 -1.08529914529915e+00
7 11 -1.77150695669214e-03
7 12 -7.85715578322716e-02
7 13 -2.35762644364795e-03
7 15 -5.25400939164380e-02
7 16 -1.20713305898491e-03
7 17 -1.86164609053498e-01
7 18 -1.99435057176993e-01
7 20 -1.51283558690966e-03
7 21 -7.72946859903382e-03
7 22 -1.90447402856005e-01
7 23 -3.35802469135803e-03
7 26 -1.28055223682464e-02
7 28 -7.07887091139910e-03
7 29 -1.94245625665292e-02
7 35 -2.79835390946502e-03
7 89 -4.00000000000000e-02
7 92 -1.59602977667494e-02
7 93 -5.73663824513754e-02
7 97 -9.72459639126307e-03
7 98 -5.10967741935484e-02
7 99 -3.60301449275362e-01
7 100 -8.88888888888890e-03
7 107 -3.66895077806719e-02
7 110 -9.87654320987656e-03
7 114 -5.16770186335405e-03
7 117 -1.02579309423629e-02
7 191 -5.33333333333334e-03
8 8 5.47411546984197e+00
8 0 -7.58122586906706e-02
8 1 -3.56125356125356e-03
8 4 -8.52326685660020e-02
8 6 -8.87573964497042e-03
8 7 -1.08529914529915e+00
8 9 -1.83257072145961e-01
8 12 -2.76464368275783e-02
8 13 -1.64483962871060e-02
8 15 -1.47303386339550e-01
8 17 -8.11965811965813e-03
8 18 -1.13168859217246e+00
8 22 -1.24786324786325e-02
8 23 -4.58853492186826e-02
8 24 -6.73400673400674e-03
8 26 -1.40998070030328e-02
8 29 -1.28846153846154e-02
8 35 -3.63247863247864e-03
8 89 -3.39822728711618e-01
8 93 -2.05679012345679e-01
8 99 -7.96011396011397e-02
8 100 -7.40740740740741e-02
8 101 -1.01010101010101e-02
8 110 -3.83190883190883e-02
9 9 5.49438558496884e+00
9 0 -1.01317663817664e-02
9 1 -9.70719095719097e-03
9 4 -1.09942380150713e+00
9 8 -1.83257072145961e-01
9 10 -1.06431457431457e+00
9 13 -7.38014069264070e-02
9 14 -2.15295815295815e-02
9 15 -1.18422994965503e-01
9 18 -8.24915824915825e-02
9 23 -1.01967146209570e-01
9 24 -7.64264523355432e-02
9 25 -7.02020202020203e-03
9 30 -3.61631466176921e-02
9 41 -1.23966942148761e-02
9 89 -3.52707519952288e-01
9 90 -1.89361092716972e-01
9 91 -5.65656565656566e-03
9 93 -7.22626893282460e-03
9 94 -6.41692681234825e-03
9 96 -8.09342120476356e-04
9 100 -8.24915824915825e-02
9 101 -3.58671476779981e-01
9 102 -5.65656565656566e-03
9 103 -1.50880641307280e-02
9 104 -2.49328901722242e-02
9 105 -2.52525252525253e-03
9 111 -1.04895104895105e-02
9 115 -1.73174674787578e-02
9 118 -3.07445396935512e-03
9 123 -2.28862047043866e-02
9 190 -1.24907641400878e-02
9 192 -7.76307748212015e-04
10 10 5.46162848851109e+00
10 1 -2.16558553758022e-01
10 2 -3.74553946506340e-02
10 4 -2.02745629829657e-01
10 9 -1.06431457431457e+00
10 13 -3.23716733899188e-02
10 14 -4.71867058871184e-02
10 15 -4.84129280105898e-02
10 19 -2.92590188915972e-02
10 23 -3.65652076318743e-02
10 24 -3.20462472527086e-01
10 25 -4.80773976978801e-02
10 27 -2.18361508681529e-02
10 30 -4.06374454892803e-02
10 50 -2.51299235743680e-03
10 90 -1.05961640211640e+00
10 91 -1.95228132052303e-01
10 95 -8.03614097968937e-03
10 101 -1.23930976430977e-01
10 102 -3.69163426354149e-02
10 104 -5.96164021164022e-02
10 105 -8.03959601562648e-03
10 112 -1.35353535353536e-02
10 116 -1.35353535353536e-02
10 124 -2.81234567901235e-03
10 127 -1.37860082304527e-03
10 135 -3.04867724867725e-03
11 11 5.26426742477929e+00
11 0 -2.51250847117817e-02
11 3 -3.91746271093204e-01
11 5 -3.65343057722890e-02
11 6 -1.64097476597477e-02
11 7 -1.77150695669214e-03
11 12 -2.62853969380235e-01
11 15 -1.88222614148540e-03
11 16 -2.21060936334812e-01
11 17 -2.62621090218910e-02
11 18 -2.10366451107192e-03
11 20 -4.73169314616303e-02
11 21 -2.80052242184080e-02
11 22 -4.11895785236496e-03
11 26 -8.22796745013187e-03
11 28 -3.63940401309019e-02
11 29 -3.39878086080474e-02
11 31 -2.79156676063110e-02
11 33 -2.46983548882612e-03
11 37 -1.64825257128455e-02
11 38 -6.81644171395258e-03
11 42 -9.51568638914823e-03
11 43 -9.75897296136631e-03
11 46 -3.43435122022242e-03
11 51 -2.32396808879639e-03
11 54 -2.23232829314457e-03
11 97 -1.50736402685327e-02
11 99 -6.64315108759554e-04
11 108 -1.44623564151833e-02
11 130 -1.54545804910009e-03
12 12 5.38365763811584e+00
12 0 -3.85501156970687e-01
12 1 -7.96850998463902e-04
12 3 -1.11268191700139e-01
12 4 -2.17805939580133e-03
12 5 -9.13598302510929e-02
12 6 -6.68358355691131e-02
12 7 -7.85715578322716e-02
12 8 -2.76464368275783e-02
12 11 -2.62853969380234e-01
12 13 -1.48049997063611e-02
12 15 -8.65487514798747e-02
12 16 -5.28678310490755e-02
12 17 -3.27630669008425e-01
12 18 -5.97602757559205e-02
12 20 -1.03824425868300e-01
12 21 -5.89833562173337e-02
12 22 -1.09505066860651e-01
12 23 -2.64210182755198e-02
12 26 -6.08696271786875e-02
12 28 3.08062068045234e-02
12 29 1.53950032956753e-02
12 31 -2.17961019350961e-02
12 33 -6.25316519555990e-02
12 35 -1.77714185946226e-02
12 36 -9.47273733557863e-03
12 37 -8.59200698197075e-02
12 38 -3.64713627386439e-03
12 40 -4.09214597312313e-03
12 42 -1.38715635404353e-02
12 43 -2.38938096766705e-02
12 51 -2.88241415192508e-03
12 97 -2.13847026975241e-02
12 99 -2.09529381757058e-02
12 108 -5.40418152914194e-03
12 110 -6.27226538633739e-03
13 13 5.12488246304894e+00
13 0 -3.17448286031359e-02
13 1 -3.86669272746183e-01
13 2 -6.07825567502987e-03
13 4 -3.92652822253287e-01
13 7 -2.35762644364795e-03
13 8 -1.64483962871060e-02
13 9 -7.38014069264070e-02
13 10 -3.23716733899188e-02
13 12 -1.48049997063611e-02
13 14 -2.43096248239878e-01
13 15 -4.49147383777254e-01
13 17 -2.79968140183194e-03
13 18 -1.53850486431132e-02
13 19 -2.72249807106503e-02
13 22 -1.98816065532854e-02
13 23 -7.00127369298590e-02
13 24 -1.10016299971178e-01
13 25 -2.68033685344575e-02
13 26 -3.49653506445680e-02
13 27 -4.48595242814434e-02
13 29 -3.71796795864709e-02
13 30 -5.78655769312787e-02
13 35 -3.03588112305854e-02
13 36 -5.12059749012447e-02
13 41 -3.72798107300212e-02
13 44 -2.48541895922418e-02
13 53 -5.60604308783289e-03
13 89 -3.35648148148148e-03
13 90 -4.48633156966491e-03
13 91 -7.70812867826011e-03
13 99 -8.84109916367981e-04
13 101 -8.13628809462143e-02
13 102 -6.08726049825214e-03
13 104 -4.48633156966491e-03
13 105 -1.99392514207329e-03
13 110 -3.66497411389885e-03
13 111 -6.43162393162394e-03
13 115 -6.43162393162394e-03
13 122 -8.58417629098633e-03
13 123 -2.67167330877009e-02
14 14 5.14316962050760e+00
14 1 -4.04156326951844e-01
14 2 -3.82219437699927e-01
14 4 -4.70661157653454e-02
14 9 -2.15295815295815e-02
14 10 -4.71867058871185e-02
14 13 -2.43096248239878e-01
14 15 -4.00756565721845e-02
14 19 -3.97254639144490e-01
14 23 -3.21498940480904e-02
14 24 -1.01970232477819e-01
14 25 -4.65522200824165e-02
14 26 -5.14925112913320e-03
14 27 -2.39874031155608e-01
14 30 -9.76370011893540e-02
14 36 -6.51643368258006e-03
14 44 -4.32941141924840e-03
14 45 -1.59755803496872e-02
14 50 -1.41483245149912e-02
14 53 -1.38127721894631e-03
14 90 -1.80621693121693e-02
14 91 -2.38044752551141e-02
14 95 -4.71475507765831e-03
14 101 -3.95917508417509e-02
14 102 -2.21443989457141e-02
14 104 -1.80621693121693e-02
14 105 -7.12958221918796e-03
14 112 -2.00505050505051e-02
14 116 -2.00505050505051e-02
14 124 -1.50392301523068e-02
14 127 -4.52674897119342e-03
14 135 -1.24620223398001e-02
15 15 4.97325614315363e+00
15 0 -2.24491779175240e-02
15 1 -3.78871444581825e-02
15 2 -3.79330943847073e-03
15 3 -1.67568097197727e-03
15 4 -4.55569876952632e-01
15 5 -1.40917107583774e-03
15 6 -1.46614069690993e-02
15 7 -5.25400939164380e-02
15 8 -1.47303386339550e-01
15 9 -1.18422994965503e-01
15 10 -4.84129280105898e-02
15 11 -1.88222614148540e-03
15 12 -8.65487514798747e-02
15 13 -4.49147383777254e-01
15 14 -4.00756565721846e-02
15 16 -1.28257887517147e-03
15 17 -2.01241883697081e-02
15 18 -4.45617074595421e-01
15 19 -1.12249591246981e-02
15 20 -1.60738781109152e-03
15 21 -1.62560386473430e-02
15 22 -5.41890543551958e-02
15 23 -4.09122415742769e-01
15 24 -5.13795732338043e-02
15 25 -1.68283606840272e-02
15 26 -7.04539353461472e-02
15 27 -2.69662913726018e-02
15 28 -1.35092230486756e-02
15 29 -6.94181651320520e-02
15 30 -7.75769205986132e-02
15 35 -5.73912948229257e-02
15 36 -5.59775223508648e-02
15 37 -4.22597001763669e-03
15 40 -7.93219429747208e-03
15 41 -5.10672602174579e-02
15 44 -2.59018425747560e-02
15 48 -1.15539452495974e-02
15 52 -2.22590292155510e-03
15 55 -1.06401758556348e-02
15 89 -7.31208392088022e-02
15 90 -9.11295494628829e-03
15 91 -7.95301481561936e-03
15 97 -5.24691358024692e-04
15 99 -1.16184896346187e-02
15 100 -2.04264870931538e-01
15 101 -6.60759498638286e-02
15 102 -6.94146563202717e-03
15 104 -9.11295494628829e-03
15 105 -2.64728412876561e-03
15 110 -1.87892186467455e-02
15 111 -1.16608391608392e-02
15 115 -1.16608391608392e-02
15 122 -8.15807020538204e-03
15 123 -4.06185985731441e-02
15 132 -3.53621399176955e-03
15 133 -7.59259259259260e-03
16 16 5.10007077170251e+00
16 0 -7.20652632689670e-03
16 3 -3.78488168666379e-01
16 5 -3.82661402580477e-01
16 6 -6.26780626780627e-03
16 7 -1.20713305898491e-03
16 11 -2.21060936334812e-01
16 12 -5.28678310490755e-02
16 15 -1.28257887517147e-03
16 17 -1.90109960617726e-01
16 18 -1.43347050754458e-03
16 20 -3.81637146784563e-01
16 21 -1.05137395459976e-02
16 22 -1.43347050754458e-03
16 28 -5.53786753542988e-02
16 29 -9.10947387052525e-03
16 31 -1.91599382073714e-01
16 37 -8.54611445431194e-04
16 38 -1.06321738880416e-03
16 42 -3.68088551693593e-03
16 46 -9.42091357168245e-04
16 54 -6.12359382159359e-04
16 92 -1.11459828059930e-01
16 97 -3.80133960241088e-01
16 99 -4.52674897119342e-04
16 107 -1.42318625633420e-02
16 108 -3.55985749503611e-01
16 113 -4.55351625262638e-02
16 130 -4.23941110725710e-04
16 189 -4.26399703374120e-03
16 196 -4.82017055988135e-03
17 17 5.46777572016461e+00
17 0 -5.95168860493682e-02
17 3 -2.07712329638480e-02
17 5 -1.87823688271605e-01
17 6 -1.05487179487179e+00
17 7 -1.86164609053498e-01
17 8 -8.11965811965813e-03
17 11 -2.62621090218910e-02
17 12 -3.27630669008425e-01
17 13 -2.79968140183194e-03
17 15 -2.01241883697081e-02
17 16 -1.90109960617726e-01
17 18 -1.90322443154880e-01
17 20 -1.90138511185704e-01
17 21 -1.06202898550725e+00
17 22 -1.90205159204263e-01
17 23 -3.98765432098766e-03
17 26 -1.52065578122926e-02
17 28 -6.19441745484809e-02
17 29 -5.82044610339764e-02
17 31 -3.47670250896057e-03
17 35 -3.32304526748971e-03
17 97 -1.78364197530864e-01
17 98 -1.00000000000000e+00
17 99 -1.78376543209877e-01
17 108 -1.15890083632019e-03
17 110 -1.17283950617284e-03
18 18 5.13257460371644e+00
18 0 -8.21862999389510e-02
18 1 -8.86456733230927e-04
18 3 -1.87281990985695e-03
18 4 -3.55724099675713e-03
18 5 -1.57495590828924e-03
18 6 -8.11965811965813e-03
18 7 -1.99435057176993e-01
18 8 -1.13168859217246e+00
18 9 -8.24915824915825e-02
18 11 -2.10366451107192e-03
18 12 -5.97602757559205e-02
18 13 -1.53850486431132e-02
18 15 -4.45617074595421e-01
18 16 -1.43347050754458e-03
18 17 -1.90322443154880e-01
18 20 -1.79649225945522e-03
18 21 -1.42512077294686e-02
18 22 -3.81568799192703e-01
18 23 -3.86885545016733e-01
18 24 -3.36950056116723e-02
18 26 -3.83494205264228e-02
18 28 -1.21823266791061e-02
18 29 -4.98627190327734e-02
18 30 -9.92746913580247e-03
18 35 -1.95792237962489e-01
18 36 -1.73025630281403e-02
18 37 -1.34259259259259e-03
18 40 -2.52006172839506e-03
18 55 -2.61728395061729e-03
18 89 -7.40740740740741e-02
18 93 -7.37728020175685e-02
18 97 -5.86419753086420e-04
18 99 -3.63179406058477e-01
18 100 -3.31275720164609e-01
18 101 -4.54545454545455e-02
18 103 -4.37575935724084e-02
18 107 -1.19982278114323e-02
18 110 -3.44505224630673e-01
18 114 -4.62654107984221e-02
18 117 -1.07605926607537e-02
18 122 -2.24691358024691e-03
18 132 -1.12345679012346e-03
18 195 -4.27983539094651e-03
18 198 -5.60258671369783e-03
19 19 5.26409953511986e+00
19 1 -1.71970691804426e-02
19 2 -1.94001835472309e-01
19 4 -1.11901053639897e-02
19 10 -2.92590188915972e-02
19 13 -2.72249807106503e-02
19 14 -3.97254639144490e-01
19 15 -1.12249591246981e-02
19 23 -6.90305650529376e-03
19 24 -6.84724902348858e-02
19 25 -2.33366271349883e-01
19 26 -2.53439704012025e-03
19 27 -4.08935033886886e-01
19 30 -7.83822570402030e-02
19 36 -3.91295236443520e-03
19 44 -4.86561720595280e-03
19 45 -2.89421269914680e-02
19 50 -3.33424720346124e-02
19 53 -5.80936567037065e-03
19 61 -1.46484375000000e-03
19 91 -1.69719971373270e-02
19 95 -1.06406810035842e-03
19 102 -1.67602192824690e-02
19 105 -4.04482183156019e-03
19 112 -5.28499278499279e-03
19 116 -5.28499278499279e-03
19 124 -1.62041864709039e-02
19 127 -4.18420853008667e-03
19 135 -1.53940461290052e-02
19 136 -1.10241935483871e-02
20 20 5.46047635127842e+00
20 0 -1.09467652379440e-02
20 3 -3.69429377027379e-02
20 5 -1.93198700547523e-01
20 6 -7.85510785510786e-03
20 7 -1.51283558690966e-03
20 11 -4.73169314616303e-02
20 12 -1.03824425868300e-01
20 15 -1.60738781109152e-03
20 16 -3.81637146784563e-01
20 17 -1.90138511185704e-01
20 18 -1.79649225945522e-03
20 21 -1.06421484598203e+00
20 22 -3.00348956872695e-03
20 26 -4.34649753068068e-03
20 28 -2.34515541209909e-01
20 29 -5.51700653706050e-02
20 31 -1.94092444855539e-01
20 32 -1.00000000000000e+00
20 33 -1.14381513965281e-03
20 37 -6.06099106437709e-03
20 38 -2.19265733297083e-03
20 42 -8.81355915909869e-03
20 43 -3.49244889307324e-03
20 46 -1.22471876431872e-03
20 51 -6.40536478205573e-04
20 54 -7.96067196807167e-04
20 97 -1.79862320077374e-01
20 99 -5.67313345091123e-04
20 108 -1.79432432779641e-01
20 109 -1.00000000000000e+00
20 130 -5.51123443943423e-04
21 21 5.65809896737523e+00
21 0 -2.59049194533066e-02
21 3 -1.12828276082133e-02
21 5 -7.78467908902692e-03
21 6 -1.04942743091411e-02
21 7 -7.72946859903382e-03
21 11 -2.80052242184080e-02
21 12 -5.89833562173338e-02
21 15 -1.62560386473430e-02
21 16 -1.05137395459976e-02
21 17 -1.06202898550725e+00
21 18 -1.42512077294686e-02
21 20 -1.06421484598203e+00
21 22 -1.11022262294352e+00
21 23 -4.92753623188406e-03
21 26 -2.77201184354060e-02
21 28 -6.97642552084895e-02
21 29 -5.89912712447623e-02
21 31 -4.20757363253857e-03
21 32 -6.12244897959184e-04
21 33 -1.04698457223001e+00
21 34 -6.12244897959184e-04
21 35 -4.10628019323672e-03
21 37 -5.30621785881253e-02
21 39 -2.97619047619048e-04
21 43 -6.07760635811127e-03
21 92 -3.53430619559652e-03
21 93 -3.38370972512427e-03
21 97 -6.46997929606626e-03
21 98 -1.76538780386707e-01
21 99 -5.18633540372671e-02
21 107 -2.21257854325376e-02
21 108 -1.40252454417952e-03
21 109 -1.78330309901738e-01
21 110 -4.66873706004141e-02
21 113 -9.73356009070295e-03
21 114 -6.67258506388942e-03
21 117 -1.46611650369414e-02
21 119 -1.22448979591837e-03
21 120 -2.26349584278156e-01
21 121 -1.17501546072975e-03
21 125 -6.49350649350650e-04
21 131 -2.23072562358277e-03
21 137 -2.38151927437642e-03
21 138 -2.03257060399918e-03
21 140 -1.09846938775510e-02
21 142 -9.05895691609978e-04
21 148 -2.10657596371882e-03
21 196 -3.31746031746032e-03
21 197 -1.94805194805195e-03
21 200 -3.79220779220780e-03
21 201 -4.08946608946609e-03
22 22 5.30641289144093e+00
22 0 -4.32380186015784e-02
22 3 -1.87281990985695e-03
22 4 -1.10185185185185e-03
22 5 -1.57495590828924e-03
22 6 -8.11965811965813e-03
22 7 -1.90447402856005e-01
22 8 -1.24786324786325e-02
22 11 -4.11895785236496e-03
22 12 -1.09505066860651e-01
22 13 -1.98816065532854e-02
22 15 -5.41890543551958e-02
22 16 -1.43347050754458e-03
22 17 -1.90205159204263e-01
22 18 -3.81568799192703e-01
22 20 -3.00348956872695e-03
22 21 -1.11022262294352e+00
22 23 -1.99096086239637e-01
22 24 -3.29506172839506e-03
22 26 -3.50061302793493e-02
22 28 -5.80726417227164e-02
22 29 -2.37635956118673e-01
22 30 -9.64382716049383e-03
22 33 -1.14381513965281e-03
22 34 -1.04523809523810e+00
22 35 -1.96031038667956e-01
22 36 -1.68173338561154e-02
22 37 -6.24260928019414e-03
22 40 -3.37037439479588e-03
22 43 -4.22666927795514e-03
22 55 -2.54250440917108e-03
22 93 -7.31538992408559e-03
22 97 -5.86419753086420e-04
22 98 -5.11243386243387e-02
22 99 -3.47102156103208e-01
22 107 -2.49309868875087e-02
22 109 -5.17195767195768e-02
22 110 -3.36146171132730e-01
22 113 -8.33333333333334e-03
22 114 -6.39195788108832e-02
22 117 -7.68040393583873e-02
22 120 -1.94378306878304e-02
22 121 -4.85209235209236e-02
22 122 -2.18271604938272e-03
22 125 -3.78787878787879e-03
22 131 -5.02976190476191e-02
22 132 -1.09135802469136e-03
22 138 -8.74819624819626e-03
22 148 -5.75396825396826e-03
22 200 -7.39898989898991e-03
23 23 5.15039318563173e+00
23 0 -2.40735871624517e-02
23 1 -1.34541649127584e-02
23 4 -3.95413636708440e-02
23 7 -3.35802469135803e-03
23 8 -4.58853492186826e-02
23 9 -1.01967146209570e-01
23 10 -3.65652076318743e-02
23 12 -2.64210182755198e-02
23 13 -7.00127369298589e-02
23 14 -3.21498940480904e-02
23 15 -4.09122415742769e-01
23 17 -3.98765432098766e-03
23 18 -3.86885545016733e-01
23 19 -6.90305650529376e-03
23 21 -4.92753623188406e-03
23 22 -1.99096086239637e-01
23 24 -2.32504701243956e-01
23 25 -1.25073913740580e-02
23 26 -7.94019473683003e-02
23 27 -2.72740273158984e-02
23 28 -3.66827697262480e-03
23 29 -5.47297517541986e-02
23 30 -4.75795425834429e-02
23 35 -4.80571289443332e-01
23 36 -7.50154771711291e-02
23 37 -4.73104056437390e-03
23 40 -8.88021751910642e-03
23 41 -1.42265474241759e-01
23 44 -4.32133193303989e-02
23 48 -6.81232616015225e-02
23 50 -9.95583541038088e-03
23 52 -3.63745111571199e-03
23 55 -1.31479692252639e-02
23 89 -4.15263748597082e-02
23 90 -5.05050505050506e-03
23 91 -2.51402918069585e-03
23 99 -1.25925925925926e-03
23 100 -1.86868686868687e-01
23 101 -1.22530903439994e-01
23 102 -2.51402918069585e-03
23 104 -5.05050505050506e-03
23 105 -1.12233445566779e-03
23 110 -1.81473232064630e-01
23 111 -1.05703962703963e+00
23 115 -5.70396270396271e-02
23 122 -2.08987122634434e-01
23 123 -1.08288479197570e-01
23 124 -3.43434343434344e-03
23 126 -7.57575757575759e-03
23 127 -1.68350168350169e-03
23 132 -3.95884773662552e-03
23 133 -6.16498316498317e-02
23 134 -1.58402203856750e-02
23 135 -3.72294372294373e-03
24 24 5.71865114216127e+00
24 1 -5.90036325736744e-02
24 2 -4.05768369175627e-02
24 4 -8.55139130831336e-02
24 8 -6.73400673400674e-03
24 9 -7.64264523355432e-02
24 10 -3.20462472527086e-01
24 13 -1.10016299971178e-01
24 14 -1.01970232477819e-01
24 15 -5.13795732338043e-02
24 18 -3.36950056116723e-02
24 19 -6.84724902348858e-02
24 22 -3.29506172839506e-03
24 23 -2.32504701243956e-01
24 25 -3.62334931538809e-01
24 26 -3.87543269716585e-02
24 27 -1.02155925742720e-01
24 29 -1.04896838757950e-02
24 30 -5.93645208184636e-01
24 35 -4.12482042648710e-02
24 36 -5.27457369627397e-02
24 41 -1.78513671221181e-01
24 44 -2.13335043736196e-02
24 45 -4.34196265005405e-02
24 48 -5.05050505050506e-03
24 50 -1.04616776123775e-01
24 53 -1.21940879485104e-03
24 89 -6.73400673400674e-03
24 90 -7.23622750706082e-02
24 91 -1.74444556501897e-01
24 95 -2.02546296296296e-03
24 100 -3.03030303030303e-02
24 101 -2.50386858619667e-01
24 102 -1.74539339456895e-01
24 104 -1.40077892786226e-01
24 105 -1.37445397537990e-01
24 110 -9.69135802469137e-04
24 111 -1.08332137947523e-01
24 112 2.49512860876500e-02
24 115 -1.76047755663140e-01
24 116 -4.27643316279678e-02
24 118 -6.77156177156178e-02
24 122 -2.58961466517022e-02
24 123 -2.51442554467030e-01
24 124 -1.62617105367182e-01
24 126 -1.28201890701891e-01
24 127 -1.36226284004062e-01
24 133 -5.05050505050506e-03
24 134 -1.38470662334299e-01
24 135 -1.60207582629011e-01
24 136 -1.37777777777778e-02
25 25 5.28250110890784e+00
25 1 -2.69960608313546e-02
25 2 -3.83029516899834e-02
25 4 -2.10494595431772e-02
25 9 -7.02020202020203e-03
25 10 -4.80773976978801e-02
25 13 -2.68033685344575e-02
25 14 -4.65522200824164e-02
25 15 -1.68283606840272e-02
25 19 -2.33366271349883e-01
25 23 -1.25073913740581e-02
25 24 -3.62334931538809e-01
25 27 -6.86802364089995e-02
25 30 -8.31418314590988e-02
25 41 -2.00000000000000e-02
25 45 -8.38819540106481e-02
25 50 -8.32751780600731e-02
25 90 -1.28703703703704e-02
25 91 -4.26724276088437e-02
25 95 -8.31802568697730e-03
25 101 -1.98905723905724e-02
25 102 -1.96340134858237e-01
25 104 -1.28703703703704e-02
25 105 -9.76647394322125e-03
25 112 -1.08031746031746e+00
25 116 -8.03174603174604e-02
25 123 -1.88888888888889e-02
25 124 -1.91687163996519e-01
25 126 -1.22222222222222e-02
25 127 -9.13556541692741e-03
25 134 -2.55555555555556e-02
25 135 -2.49115881956128e-02
25 136 -6.22402457757297e-02
26 26 5.09928842892458e+00
26 0 -4.31563395296445e-02
26 1 -4.54777779613021e-03
26 4 -1.43694458667577e-02
26 7 -1.28055223682464e-02
26 8 -1.40998070030328e-02
26 11 -8.22796745013187e-03
26 12 -6.08696271786875e-02
26 13 -3.49653506445680e-02
26 14 -5.14925112913320e-03
26 15 -7.04539353461471e-02
26 17 -1.52065578122926e-02
26 18 -3.83494205264228e-02
26 19 -2.53439704012025e-03
26 20 -4.34649753068068e-03
26 21 -2.77201184354060e-02
26 22 -3.50061302793493e-02
26 23 -7.94019473683003e-02
26 24 -3.87543269716585e-02
26 27 -1.29392044326884e-02
26 28 -5.03909759939456e-02
26 29 -4.50411482413713e-01
26 30 -7.56813063565276e-02
26 31 -8.49387694145759e-04
26 33 -7.68634138821444e-03
26 35 -2.61833456735940e-01
26 36 -4.19409156249887e-01
26 37 -6.14233919361350e-02
26 38 -2.49189281447346e-03
26 40 -5.48554437392107e-02
26 41 -6.17246801819033e-02
26 42 -6.08848715421730e-03
26 43 -4.33033172102875e-02
26 44 -4.97438777066171e-02
26 48 -6.09994151088121e-02
26 51 -5.66176106238542e-03
26 52 -2.68958821446676e-02
26 53 -2.52514741588623e-03
26 55 -5.00175029785849e-02
26 58 -2.80644743919541e-02
26 60 -1.66947458830914e-03
26 70 -7.29791681578016e-03
26 72 -1.79830864014007e-03
26 99 -4.80207088809240e-03
26 110 -1.81371963361211e-02
26 122 -1.35779522482032e-02
26 123 -1.58325187357446e-02
26 132 -1.18507177940870e-02
26 133 -2.15873015873016e-02
26 143 -5.98256379413574e-03
26 144 -1.53418982451241e-02
27 27 5.14857234925162e+00
27 1 -2.10587483538527e-02
27 2 -9.83928777893399e-03
27 4 -1.32186847259812e-02
27 10 -2.18361508681529e-02
27 13 -4.48595242814435e-02
27 14 -2.39874031155608e-01
27 15 -2.69662913726018e-02
27 19 -4.08935033886886e-01
27 23 -2.72740273158984e-02
27 24 -1.02155925742720e-01
27 25 -6.86802364089995e-02
27 26 -1.29392044326884e-02
27 29 -1.52415087898959e-03
27 30 -4.35251405006682e-01
27 35 -3.23547818171474e-03
27 36 -4.56982613222205e-02
27 41 -7.31565808354028e-02
27 44 -6.72882089474468e-02
27 45 -1.65141882628876e-02
27 49 -2.41991238550378e-02
27 50 -8.00468447379817e-02
27 53 -5.15812917259680e-02
27 61 -2.27168641588761e-02
27 68 -1.04897590387242e-02
27 73 -7.77538278578862e-03
27 83 -1.48302308552048e-03
27 91 -9.16182131952742e-03
27 102 -1.31622838007391e-02
27 105 -3.22604350382128e-03
27 112 -1.41414141414142e-02
27 116 -1.41414141414142e-02
27 122 -1.39045343346419e-03
27 123 -1.50361138264364e-02
27 124 -2.67891298693910e-02
27 126 -7.60582010582012e-03
27 127 -7.94883465134361e-03
27 134 -4.29151344473926e-02
27 135 -1.06497865175541e-02
27 136 -4.19976958525346e-02
27 146 -9.16633479357494e-03
27 156 -3.91060287117635e-03
28 28 5.26613754571011e+00
28 0 -3.71876236443087e-02
28 3 -4.13441288031516e-02
28 5 -2.66262174765843e-02
28 6 -1.43476491302578e-02
28 7 -7.07887091139910e-03
28 11 -3.63940401309019e-02
28 12 3.08062068045234e-02
28 15 -1.35092230486756e-02
28 16 -5.53786753542988e-02
28 17 -6.19441745484809e-02
28 18 -1.21823266791061e-02
28 20 -2.34515541209909e-01
28 21 -6.97642552084895e-02
28 22 -5.80726417227164e-02
28 23 -3.66827697262480e-03
28 26 -5.03909759939457e-02
28 29 -2.10761147260571e-01
28 31 -2.18016041603879e-01
28 32 -1.00000000000000e+00
28 33 -2.15247457183683e-01
28 35 -3.05689747718734e-03
28 36 -6.88399613130796e-03
28 37 -4.54967836826068e-01
28 38 -2.01058912870270e-01
28 40 -5.67706174465007e-03
28 42 -6.88091207115290e-02
28 43 -7.51398033245509e-02
28 46 -3.00454497905070e-02
28 47 -6.90817545656256e-02
28 51 -4.57226951686881e-02
28 54 -4.52262388042536e-02
28 97 -1.22323391982111e-02
28 99 -2.65457659177466e-03
28 108 -1.82044371425715e-02
28 110 -1.07890499194847e-03
28 130 -1.58288668109168e-02
29 29 5.10821373691074e+00
29 0 -5.03240898618689e-02
29 3 -1.00751193025361e-02
29 4 -2.65200617283951e-03
29 5 -7.20443217544667e-03
29 6 -1.47342995169082e-02
29 7 -1.94245625665292e-02
29 8 -1.28846153846154e-02
29 11 -3.39878086080474e-02
29 12 1.53950032956754e-02
29 13 -3.71796795864709e-02
29 15 -6.94181651320521e-02
29 16 -9.10947387052525e-03
29 17 -5.82044610339764e-02
29 18 -4.98627190327734e-02
29 20 -5.51700653706050e-02
29 21 -5.89912712447622e-02
29 22 -2.37635956118673e-01
29 23 -5.47297517541985e-02
29 24 -1.04896838757950e-02
29 26 -4.50411482413713e-01
29 27 -1.52415087898959e-03
29 28 -2.10761147260571e-01
29 30 -2.85728045620538e-02
29 31 -4.56973014388863e-03
29 33 -2.14123492776843e-01
29 34 -1.00000000000000e+00
29 35 -2.41736525481316e-01
29 36 -7.40591384912995e-02
29 37 -4.40178778080532e-01
29 38 -3.45012556994124e-03
29 39 -6.21693121693122e-03
29 40 -2.17557599051953e-01
29 41 -3.09347094129703e-02
29 42 -1.05787907138807e-02
29 43 -5.68692840471594e-02
29 44 -2.70190510752318e-02
29 47 -9.32539682539683e-03
29 48 -4.77011313967836e-02
29 51 -1.05796186924559e-02
29 52 -2.40332422676686e-02
29 54 -2.62838036449148e-03
29 55 -5.11275269551509e-02
29 57 -2.06046863189720e-03
29 58 -2.61620450125975e-02
29 59 -3.12228101116990e-03
29 64 -2.91702359956328e-03
29 65 -3.24361628709455e-03
29 70 -8.43219347992456e-03
29 72 -1.80200904838586e-03
29 97 -2.68250134192163e-03
29 99 -1.12193961476336e-02
29 108 -1.04410160511142e-03
29 110 -1.64561878047152e-02
29 122 -6.88865373309818e-03
29 123 -5.75757575757576e-03
29 132 -1.18725247008401e-02
29 133 -1.47354497354498e-02
29 142 -6.21693121693122e-03
29 143 -5.60055483762601e-03
29 144 -1.70995670995671e-02
29 151 -1.06575963718821e-03
30 30 5.11184385029214e+00
30 1 -4.16845069718985e-02
30 2 -1.55270358808340e-02
30 4 -3.16742737349441e-02
30 9 -3.61631466176921e-02
30 10 -4.06374454892803e-02
30 13 -5.78655769312788e-02
30 14 -9.76370011893540e-02
30 15 -7.75769205986131e-02
30 18 -9.92746913580247e-03
30 19 -7.83822570402030e-02
30 22 -9.64382716049383e-03
30 23 -4.75795425834429e-02
30 24 -5.93645208184636e-01
30 25 -8.31418314590988e-02
30 26 -7.56813063565277e-02
30 27 -4.35251405006682e-01
30 29 -2.85728045620538e-02
30 35 -8.27790533341610e-02
30 36 -4.90506332140082e-02
30 37 -5.63944482785063e-03
30 40 -1.05853027630806e-02
30 41 -2.88373533879995e-01
30 44 -4.86636590784419e-02
30 45 -9.79751037753697e-02
30 48 -5.70741759116051e-02
30 49 -1.14371272032815e-01
30 50 -1.82296246672968e-02
30 52 -2.57514594439610e-02
30 53 -7.37468127352211e-02
30 55 -3.48777509949113e-02
30 60 -1.26363443498709e-02
30 61 -1.23915343915344e-02
30 67 -2.98235567925950e-02
30 68 -2.77949674717352e-02
30 73 -9.38947677836567e-03
30 78 -2.68812463256908e-03
30 90 -3.62654320987655e-03
30 91 -1.85867162263817e-02
30 101 -5.46556571935360e-02
30 102 -2.09932115180660e-02
30 104 -3.62654320987655e-03
30 105 -6.06212032137959e-03
30 110 -2.83641975308642e-03
30 111 -1.48659673659674e-02
30 112 -2.20707070707071e-02
30 115 -1.48659673659674e-02
30 116 -2.20707070707071e-02
30 122 -3.35345526774232e-02
30 123 -1.78623482806831e-01
30 124 -3.68876199638105e-02
30 126 -7.10738335738337e-02
30 127 -1.48369856613584e-02
30 132 -4.71898371801754e-03
30 133 -2.67318108622457e-02
30 134 -1.32346865159246e-01
30 135 -6.29179037268955e-02
30 136 -4.78141041753945e-02
30 146 -4.87750157541337e-02
30 154 -4.28791248114920e-03
30 155 -2.22497704315886e-02
30 156 -4.44738389182834e-03
30 163 -9.36507936507937e-04
31 31 5.45926251108028e+00
31 3 -1.36812839175829e-02
31 5 -2.88786482334870e-03
31 11 -2.79156676063110e-02
31 12 -2.17961019350961e-02
31 16 -1.91599382073714e-01
31 17 -3.47670250896057e-03
31 20 -1.94092444855539e-01
31 21 -4.20757363253857e-03
31 26 -8.49387694145759e-04
31 28 -2.18016041603879e-01
31 29 -4.56973014388863e-03
31 32 -1.00000000000000e+00
31 33 -4.90031362007169e-04
31 37 -2.11085695864464e-02
31 38 -1.91944614204413e-01
31 42 -2.83905195022087e-02
31 43 -1.12229548282488e-02
31 46 -1.89875836641359e-01
31 47 -8.06451612903227e-03
31 51 -6.52274003600747e-03
31 54 -1.40554945337290e-02
31 97 -1.07526881720430e-03
31 108 -1.78723696381084e-01
31 119 -1.00000000000000e+00
31 130 -1.78723696381085e-01
32 32 5.82823129251701e+00
32 20 -1.00000000000000e+00
32 21 -6.12244897959184e-04
32 28 -1.00000000000000e+00
32 31 -1.00000000000000e+00
32 33 -1.00000000000000e+00
32 34 -3.06122448979592e-04
32 38 -1.04935064935065e+00
32 39 -5.95238095238096e-04
32 47 -3.85487528344671e-04
32 92 -1.32936507936508e-03
32 97 -1.78571428571429e-03
32 98 -1.62131519274377e-03
32 107 -9.75850340136055e-03
32 109 -1.77711262282691e-01
32 113 -1.39180077048741e-02
32 114 -2.04689754689755e-03
32 117 -7.55313337456195e-03
32 119 -1.77561992538951e-01
32 120 -2.21357589500447e-01
32 121 -5.87507730364874e-04
32 125 -3.24675324675325e-04
32 130 -4.93506493506494e-02
32 131 -2.24206349206349e-03
32 137 -1.20664179650355e-02
32 138 -1.81560502989075e-03
32 140 -1.88669202448004e-02
32 141 -8.95691609977325e-04
32 142 -4.39123891981035e-02
32 148 -3.37981859410431e-03
32 159 -1.16780045351474e-03
32 165 -6.46258503401361e-04
32 196 -8.09344598054276e-03
32 200 -3.86435786435787e-03
32 201 -3.41269841269842e-03
33 33 5.82829301075269e+00
33 0 -1.11491006392151e-03
33 11 -2.46983548882613e-03
33 12 -6.25316519555990e-02
33 20 -1.14381513965281e-03
33 21 -1.04698457223001e+00
33 22 -1.14381513965281e-03
33 26 -7.68634138821444e-03
33 28 -2.15247457183683e-01
33 29 -2.14123492776843e-01
33 31 -4.90031362007169e-04
33 32 -1.00000000000000e+00
33 34 -1.00000000000000e+00
33 36 -1.05985277681428e-03
33 37 -1.78960442715646e-01
33 38 -7.68049155145930e-04
33 39 -1.00000000000000e+00
33 40 -8.74034432827357e-04
33 42 -2.13742711791619e-03
33 43 -7.36563269081479e-03
33 51 -6.07006590357267e-04
33 120 -1.00000000000000e+00
34 34 5.82823129251701e+00
34 21 -6.12244897959184e-04
34 22 -1.04523809523810e+00
34 29 -1.00000000000000e+00
34 32 -3.06122448979592e-04
34 33 -1.00000000000000e+00
34 35 -1.00000000000000e+00
34 39 -5.95238095238096e-04
34 40 -1.00000000000000e+00
34 93 -1.25406684412896e-03
34 98 -1.62131519274377e-03
34 99 -4.71014492753624e-02
34 107 -5.86118505373164e-03
34 109 -2.65646258503402e-03
34 110 -4.52380952380953e-02
34 113 -2.53287981859411e-03
34 114 -1.23501384743621e-02
34 117 -1.57323725274036e-02
34 119 -6.12244897959184e-04
34 120 -2.26374149659864e-01
34 121 -1.77702329416615e-01
34 125 -7.48855905998763e-03
34 131 -1.78509070294785e-01
34 137 -2.07936507936508e-03
34 138 -1.56949082663368e-02
34 140 -1.07086167800454e-02
34 142 -1.81179138321996e-03
34 148 -8.39115646258504e-03
34 198 -2.33560090702948e-03
34 200 -1.07005772005772e-02
34 201 -1.49206349206349e-03
34 204 -2.68253968253968e-03
35 35 5.42404577559419e+00
35 0 -1.44219755420472e-02
35 4 -3.53240740740741e-03
35 7 -2.79835390946502e-03
35 8 -3.63247863247864e-03
35 12 -1.77714185946226e-02
35 13 -3.03588112305854e-02
35 15 -5.73912948229257e-02
35 17 -3.32304526748971e-03
35 18 -1.95792237962489e-01
35 21 -4.10628019323672e-03
35 22 -1.96031038667956e-01
35 23 -4.80571289443332e-01
35 24 -4.12482042648710e-02
35 26 -2.61833456735940e-01
35 27 -3.23547818171474e-03
35 28 -3.05689747718734e-03
35 29 -2.41736525481316e-01
35 30 -8.27790533341610e-02
35 34 -1.00000000000000e+00
35 36 -1.26669658987000e-01
35 37 -2.07359177442383e-02
35 40 -2.82548508683007e-01
35 41 -1.09457070707071e-01
35 43 -2.05920572609769e-02
35 44 -5.09617130941515e-02
35 48 -1.09478402032750e-01
35 52 -2.08900846921284e-02
35 55 -7.11750695691345e-02
35 58 -3.76277300594761e-02
35 99 -1.04938271604938e-03
35 110 -1.80019400352734e-01
35 121 -1.00000000000000e+00
35 122 -2.20386596119930e-01
35 123 -6.90404040404041e-02
35 132 -2.19454673721340e-01
35 133 -1.20039682539680e-02
35 143 -2.42143277063912e-03
35 144 -6.90548340548341e-02
36 36 5.27041901421425e+00
36 0 -7.08078496747294e-03
36 1 -3.74115412920477e-03
36 4 -1.16477820570855e-02
36 12 -9.47273733557863e-03
36 13 -5.12059749012447e-02
36 14 -6.51643368258006e-03
36 15 -5.59775223508648e-02
36 18 -1.73025630281403e-02
36 19 -3.91295236443520e-03
36 22 -1.68173338561154e-02
36 23 -7.50154771711291e-02
36 24 -5.27457369627397e-02
36 26 -4.19409156249887e-01
36 27 -4.56982613222205e-02
36 28 -6.88399613130796e-03
36 29 -7.40591384912995e-02
36 30 -4.90506332140081e-02
36 33 -1.05985277681428e-03
36 35 -1.26669658987000e-01
36 37 -4.06571140373699e-02
36 38 -7.50981396142687e-04
36 40 -6.00349302502999e-02
36 41 -2.09952788793801e-01
36 42 -1.54233813616401e-03
36 43 -5.40874236843401e-02
36 44 -3.04812363300268e-01
36 45 -3.52287148228819e-02
36 48 -2.07398555688924e-01
36 49 -1.11866686490710e-01
36 50 -5.06780579685917e-02
36 51 -4.64232033430785e-03
36 52 -2.02988266077874e-01
36 53 -5.45975486261572e-02
36 55 -6.05367392690720e-02
36 58 -4.53861372633657e-02
36 60 -5.25033171331541e-02
36 66 -9.69320534537927e-03
36 67 -1.66858424529232e-02
36 70 -8.72461629658994e-03
36 72 -2.55913152635317e-03
36 110 -4.27130625248905e-03
36 122 -9.40880844779864e-03
36 123 -3.53068047738455e-02
36 132 -8.84184181732882e-03
36 133 -9.40617092247528e-02
36 134 -1.43567512431468e-02
36 135 -5.35975620314097e-03
36 143 -9.09450402847407e-03
36 144 -3.33651785334815e-02
36 146 -7.82358863237780e-03
36 153 -9.69320534537927e-03
36 154 -6.00019718032141e-03
37 37 5.07729186662484e+00
37 0 -4.81357995851827e-03
37 3 -5.04997672300251e-04
37 11 -1.64825257128455e-02
37 12 -8.59200698197075e-02
37 15 -4.22597001763669e-03
37 16 -8.54611445431194e-04
37 18 -1.34259259259259e-03
37 20 -6.06099106437709e-03
37 21 -5.30621785881253e-02
37 22 -6.24260928019414e-03
37 23 -4.73104056437390e-03
37 26 -6.14233919361350e-02
37 28 -4.54967836826068e-01
37 29 -4.40178778080532e-01
37 30 -5.63944482785063e-03
37 31 -2.11085695864464e-02
37 33 -1.78960442715646e-01
37 35 -2.07359177442383e-02
37 36 -4.06571140373699e-02
37 38 -2.15356076122205e-01
37 39 -1.06495866402116e+00
37 40 -2.14044964055934e-01
37 41 -8.75603864734300e-03
37 42 -4.29286938572978e-02
37 43 -4.23291149708236e-01
37 44 -1.62382823302802e-02
37 46 -3.96452039597201e-02
37 47 -1.34774172213688e-01
37 48 -3.62734487734488e-02
37 51 -4.65090432741100e-02
37 52 -2.60719777023231e-02
37 54 -2.76527448867838e-02
37 55 -5.91747720751026e-02
37 57 -3.92222222222222e-02
37 58 -1.01332851977622e-01
37 59 -4.06386768287562e-02
37 64 -1.54716564801946e-02
37 65 -1.22360248447205e-02
37 70 -3.08514238082323e-02
37 71 -9.05895691609978e-04
37 72 -7.85788228334813e-03
37 75 -1.29138321995465e-03
37 85 -1.81179138321996e-03
37 108 -3.49613773130943e-04
37 110 -3.83597883597884e-04
37 122 -1.32980599647266e-03
37 130 -8.28426352619901e-03
37 132 -6.26464508543362e-03
37 133 -5.75396825396826e-03
37 142 -6.49586640211641e-02
37 143 -1.01141568933428e-02
37 144 -1.86147186147186e-02
37 151 -7.63888888888889e-03
37 171 -5.20408163265306e-04
38 38 5.49252923343507e+00
38 3 -6.28264820657005e-04
38 11 -6.81644171395258e-03
38 12 -3.64713627386439e-03
38 16 -1.06321738880416e-03
38 20 -2.19265733297083e-03
38 26 -2.49189281447346e-03
38 28 -2.01058912870270e-01
38 29 -3.45012556994124e-03
38 31 -1.91944614204413e-01
38 32 -1.04935064935065e+00
38 33 -7.68049155145930e-04
38 36 -7.50981396142687e-04
38 37 -2.15356076122205e-01
38 39 -1.04924242424242e+00
38 40 -6.19315826689099e-04
38 42 -6.21331668418450e-02
38 43 -3.97648966448002e-02
38 46 -1.88930610077563e-01
38 47 -1.10353108659560e+00
38 51 -3.10984064236298e-02
38 54 -3.55347186664391e-02
38 57 -1.18577075098814e-02
38 108 -4.34952568147157e-04
38 109 -5.73304473304474e-02
38 113 -1.40548340548341e-02
38 119 -5.32467532467533e-02
38 120 -2.16725698543879e-02
38 130 -3.26794124741339e-01
38 131 -5.50144300144301e-02
38 137 -7.64285714285715e-02
38 138 -6.78210678210679e-03
38 140 -1.03513708513709e-01
38 141 -6.67356797791581e-02
38 142 -1.15426997245178e-02
38 148 -2.24819624819625e-02
38 151 -1.18577075098814e-02
38 159 -1.48629148629149e-02
38 165 -1.81065311500094e-02
39 39 5.67187500000000e+00
39 21 -2.97619047619048e-04
39 29 -6.21693121693122e-03
39 32 -5.95238095238096e-04
39 33 -1.00000000000000e+00
39 34 -5.95238095238096e-04
39 37 -1.06495866402116e+00
39 38 -1.04924242424242e+00
39 40 -1.05995670995671e+00
39 42 -6.20039682539683e-03
39 43 -7.42989417989419e-02
39 47 -1.67416225749559e-01
39 48 -1.13636363636364e-02
39 51 -1.45701058201058e-02
39 54 -8.80787037037038e-03
39 55 -3.41041366041367e-02
39 57 -4.85714285714286e-02
39 58 -1.80862193362191e-02
39 59 -1.04629629629630e-02
39 64 -5.14417989417990e-02
39 98 -7.88139329805997e-04
39 107 -2.83289241622575e-03
39 109 -2.65211640211640e-03
39 113 -2.84171075837743e-03
39 114 -2.22743306076640e-03
39 117 -7.28144540644541e-03
39 119 -1.19047619047619e-03
39 120 -2.22579665704666e-01
39 121 -1.14237614237614e-03
39 125 -6.31313131313132e-04
39 130 -4.92424242424243e-02
39 131 -1.78571428571429e-01
39 137 -7.06900352733687e-03
39 138 -7.84912618245952e-03
39 140 -2.05015432098766e-02
39 141 -1.74162257495591e-03
39 142 -3.75604357062690e-01
39 143 -4.61640211640212e-02
39 144 -1.13636363636364e-02
39 148 -1.54890171556838e-02
39 151 -4.71320346320347e-02
39 159 -5.53130511463845e-03
39 165 -2.04575517075517e-03
39 166 -8.11688311688312e-04
39 169 -1.89694564694565e-03
39 200 -7.52946127946128e-03
39 201 -3.13271604938272e-03
39 204 -6.42857142857143e-03
39 211 -2.46252204585538e-03
40 40 5.49619487627408e+00
40 0 -8.99006845193853e-04
40 12 -4.09214597312313e-03
40 15 -7.93219429747208e-03
40 18 -2.52006172839506e-03
40 22 -3.37037439479588e-03
40 23 -8.88021751910642e-03
40 26 -5.48554437392107e-02
40 28 -5.67706174465007e-03
40 29 -2.17557599051952e-01
40 30 -1.05853027630806e-02
40 33 -8.74034432827357e-04
40 34 -1.00000000000000e+00
40 35 -2.82548508683007e-01
40 36 -6.00349302502999e-02
40 37 -2.14044964055934e-01
40 38 -6.19315826689099e-04
40 39 -1.05995670995671e+00
40 41 -6.56776094276095e-02
40 42 -4.46070371340428e-03
40 43 -5.36825233834377e-02
40 44 -2.87396866366991e-02
40 47 -6.53138528138529e-02
40 48 -1.24807074604505e-01
40 51 -1.20902133312569e-02
40 52 -3.33276869872958e-02
40 54 -4.52976190476191e-03
40 55 -4.23269221309648e-02
40 57 -3.55102040816327e-03
40 58 -2.44934449109667e-01
40 59 -5.38095238095238e-03
40 64 -5.02721088435375e-03
40 65 -1.25830691048083e-02
40 66 -1.52574698029244e-02
40 70 -1.18693808153761e-02
40 72 -3.10559006211180e-03
40 76 -6.99300699300700e-03
40 110 -7.20017636684304e-04
40 122 -2.49606114050559e-03
40 131 -1.00000000000000e+00
40 132 -2.07618836427080e-01
40 133 -6.00426887926889e-02
40 142 -5.99567099567100e-02
40 143 -2.08465916571907e-01
40 144 -3.17348812803357e-02
40 151 -1.83673469387755e-03
40 152 -3.03030303030303e-02
40 153 -8.26446280991737e-03
40 161 -6.99300699300700e-03
41 41 5.08718416984764e+00
41 4 -7.83926218708828e-03
41 9 -1.23966942148761e-02
41 13 -3.72798107300211e-02
41 15 -5.10672602174579e-02
41 23 -1.42265474241759e-01
41 24 -1.78513671221181e-01
41 25 -2.00000000000000e-02
41 26 -6.17246801819033e-02
41 27 -7.31565808354028e-02
41 29 -3.09347094129703e-02
41 30 -2.88373533879995e-01
41 35 -1.09457070707071e-01
41 36 -2.09952788793800e-01
41 37 -8.75603864734300e-03
41 40 -6.56776094276095e-02
41 44 -1.23089749955717e-01
41 45 -5.50988142292491e-02
41 48 -2.23771083551329e-01
41 49 -1.12937463283313e+00
41 50 -9.52033035036987e-02
41 52 -2.36159870375372e-02
41 53 -5.36329635768627e-02
41 55 -4.67298104821735e-02
41 58 -5.05050505050506e-03
41 60 -5.70393374741201e-03
41 67 -1.47896525959767e-02
41 68 -8.26446280991737e-03
41 101 -2.28862047043866e-02
41 111 -1.04895104895105e-02
41 115 -1.75450660450661e-02
41 118 -2.55555555555556e-03
41 122 -1.02212706777924e-01
41 123 -3.95928485217023e-01
41 124 -1.54545454545455e-02
41 125 -1.64176954732510e-02
41 126 -3.63251563251564e-02
41 127 -7.57575757575758e-03
41 129 -2.55555555555556e-03
41 132 -4.89935587761675e-02
41 133 -3.58061390881439e-01
41 134 -3.74075338363876e-01
41 135 -7.32574189095929e-02
41 136 -1.09090909090909e-02
41 138 -9.05643738977073e-03
41 139 -7.05555555555556e-03
41 144 -1.22925017369462e-02
41 145 -1.79949441504997e-01
41 146 -5.53359683794467e-02
41 148 -7.46619635508525e-04
41 149 -1.80103682325905e-02
41 153 -1.15520282186949e-03
41 154 -3.86159733985821e-03
41 155 -1.23966942148761e-02
41 160 -6.65017903906793e-03
41 167 -1.12794612794613e-03
41 203 -1.66613756613757e-02
41 205 -4.49970605526161e-03
41 214 -1.62345679012346e-03
42 42 5.29177168486419e+00
42 3 -2.17506871455305e-03
42 11 -9.51568638914823e-03
42 12 -1.38715635404353e-02
42 16 -3.68088551693593e-03
42 20 -8.81355915909869e-03
42 26 -6.08848715421730e-03
42 28 -6.88091207115290e-02
42 29 -1.05787907138807e-02
42 31 -2.83905195022087e-02
42 33 -2.13742711791619e-03
42 36 -1.54233813616401e-03
42 37 -4.29286938572978e-02
42 38 -6.21331668418450e-02
42 39 -6.20039682539683e-03
42 40 -4.46070371340428e-03
42 43 -2.08925381519689e-01
42 46 -2.19513824273045e-01
42 47 -6.53620498378563e-02
42 51 -3.68718367349124e-01
42 54 -3.65893130421996e-01
42 55 -1.07237339380197e-02
42 57 -2.89115646258504e-02
42 58 -1.63257432602671e-02
42 59 -4.36903517380668e-02
42 62 -5.20833333333333e-03
42 64 -6.26655978998529e-03
42 70 -2.32014848950333e-03
42 71 -1.15687403993856e-02
42 75 -7.20046082949309e-04
42 81 -6.39240911418331e-03
42 108 -1.50581680238288e-03
42 130 -1.45107609467651e-02
42 142 -6.20039682539683e-03
42 143 -1.33849836230789e-03
42 151 -2.12585034013606e-03
43 43 5.11753251387116e+00
43 0 -4.11985814096711e-03
43 11 -9.75897296136631e-03
43 12 -2.38938096766705e-02
43 20 -3.49244889307324e-03
43 21 -6.07760635811127e-03
43 22 -4.22666927795514e-03
43 26 -4.33033172102875e-02
43 28 -7.51398033245509e-02
43 29 -5.68692840471595e-02
43 31 -1.12229548282488e-02
43 33 -7.36563269081480e-03
43 35 -2.05920572609769e-02
43 36 -5.40874236843401e-02
43 37 -4.23291149708236e-01
43 38 -3.97648966448002e-02
43 39 -7.42989417989419e-02
43 40 -5.36825233834377e-02
43 42 -2.08925381519689e-01
43 44 -1.88796045204290e-02
43 46 -2.82543291850726e-02
43 47 -1.46470174091142e-01
43 48 -4.01851008583127e-02
43 51 -4.00517989174929e-01
43 52 -3.33066313584171e-02
43 54 -3.49377436132017e-02
43 55 -6.56170529967142e-02
43 57 -5.43519469436521e-02
43 58 -1.12763265696211e-01
43 59 -6.13062525103502e-02
43 60 -1.03868226675570e-02
43 62 -4.20026881720430e-04
43 64 -3.22552604616056e-02
43 65 -4.13034573343129e-02
43 70 -6.52953418827840e-02
43 71 -7.79344416496317e-03
43 72 -3.85116685028785e-02
43 75 -7.19007414119153e-03
43 81 -5.11581128288985e-03
43 85 -9.16067060037875e-03
43 130 -2.59540051423506e-03
43 132 -8.83904344692876e-03
43 142 -7.42989417989419e-02
43 143 -1.05255542280632e-02
43 144 -2.20606991574734e-02
43 151 -1.56801258137664e-02
43 171 -2.14867237217468e-03
44 44 5.20227198361475e+00
44 1 -2.19852923633708e-03
44 4 -3.74279258220352e-03
44 13 -2.48541895922418e-02
44 14 -4.32941141924840e-03
44 15 -2.59018425747560e-02
44 19 -4.86561720595280e-03
44 23 -4.32133193303989e-02
44 24 -2.13335043736196e-02
44 26 -4.97438777066171e-02
44 27 -6.72882089474468e-02
44 29 -2.70190510752318e-02
44 30 -4.86636590784419e-02
44 35 -5.09617130941515e-02
44 36 -3.04812363300268e-01
44 37 -1.62382823302802e-02
44 40 -2.87396866366991e-02
44 41 -1.23089749955717e-01
44 43 -1.88796045204290e-02
44 45 -6.75217669795335e-02
44 48 -1.17912959620686e-01
44 49 -2.88153939804759e-01
44 50 -1.04554069361405e-01
44 51 -1.23383380407314e-03
44 52 -3.88805777477583e-01
44 53 -4.18240474652748e-01
44 55 -6.63785922848795e-02
44 58 -1.30096549683548e-02
44 60 -8.26880216040083e-02
44 61 -2.75909888131458e-02
44 66 -2.04482715352281e-02
44 67 -6.11481584105947e-02
44 68 -4.40895998794683e-02
44 70 -5.28335232809739e-03
44 72 -6.72017546757401e-03
44 73 -3.12150829525423e-02
44 77 -5.47341161256065e-03
44 78 -1.70295122352586e-02
44 82 -1.67778232765081e-02
44 83 -3.29914275803974e-03
44 122 -7.73444545861564e-03
44 123 -1.42171059422112e-02
44 132 -6.66980317658205e-03
44 133 -1.74258109040718e-02
44 134 -3.32000226670634e-02
44 135 -1.40066318550345e-02
44 143 -2.46827358027519e-03
44 144 -1.02739476512268e-02
44 146 -1.16182358698332e-02
44 153 -2.04482715352281e-02
44 154 -1.32763559356872e-02
44 155 -2.83333333333334e-02
44 156 -5.75857113056294e-03
44 163 -3.84357398873528e-03
44 173 -1.67728660560202e-03
45 45 5.27101815611719e+00
45 2 -2.10428951323853e-03
45 14 -1.59755803496872e-02
45 19 -2.89421269914680e-02
45 24 -4.34196265005405e-02
45 25 -8.38819540106481e-02
45 27 -1.65141882628877e-02
45 30 -9.79751037753697e-02
45 36 -3.52287148228819e-02
45 41 -5.50988142292491e-02
45 44 -6.75217669795335e-02
45 48 -4.34782608695653e-03
45 49 -4.07813413232384e-02
45 50 -3.74758461762001e-01
45 52 -9.17964770449243e-03
45 53 -5.85020408881260e-02
45 55 -6.88327746557561e-03
45 60 -1.54635613504661e-02
45 61 -2.32066451550879e-01
45 67 -3.92788937253223e-02
45 68 -7.74141942126681e-02
45 69 -7.29642152719076e-02
45 73 -4.29162866888249e-02
45 78 -8.98211136306375e-03
45 80 -1.36408730158730e-03
45 83 -1.44640422578443e-02
45 102 -1.68343161059082e-03
45 124 -5.80330730500086e-02
45 127 -9.66348068498607e-03
45 134 -3.72727272727273e-02
45 135 -5.54107541104853e-02
45 136 -1.05210049627791e-01
45 146 -8.72333162655744e-03
45 147 -4.24317617866005e-02
45 150 -4.24317617866005e-02
45 154 -3.31947593852356e-03
45 155 -2.97036297036297e-02
45 156 -3.19947246245249e-02
45 157 -1.15395977058508e-01
45 163 -3.12925170068027e-03
46 46 5.64542678879596e+00
46 3 -5.56690347417599e-04
46 11 -3.43435122022242e-03
46 16 -9.42091357168245e-04
46 20 -1.22471876431872e-03
46 28 -3.00454497905070e-02
46 31 -1.89875836641359e-01
46 37 -3.96452039597201e-02
46 38 -1.88930610077563e-01
46 42 -2.19513824273045e-01
46 43 -2.82543291850726e-02
46 47 -1.04764038231780e+00
46 51 -2.45212157138392e-02
46 54 -1.99385205097571e-01
46 56 -1.00000000000000e+00
46 108 -3.85401009750646e-04
46 130 -1.77419354838710e-01
46 141 -1.00000000000000e+00
47 47 5.47574011085916e+00
47 28 -6.90817545656256e-02
47 29 -9.32539682539683e-03
47 31 -8.06451612903227e-03
47 32 -3.85487528344671e-04
47 37 -1.34774172213688e-01
47 38 -1.10353108659560e+00
47 39 -1.67416225749559e-01
47 40 -6.53138528138529e-02
47 42 -6.53620498378563e-02
47 43 -1.46470174091142e-01
47 46 -1.04764038231780e+00
47 48 -1.13636363636364e-02
47 51 -7.52316948284690e-02
47 54 -6.54801373954599e-02
47 55 -5.21200096200097e-02
47 56 -1.00585993059111e-03
47 57 -1.14531400966184e+00
47 58 -4.55134680134678e-02
47 59 -6.25925925925926e-02
47 64 -6.12169312169313e-02
47 109 -1.17502309565802e-03
47 113 -1.39061056521374e-03
47 119 -7.70975056689343e-04
47 120 -4.69586415935623e-02
47 130 -5.30489224037611e-02
47 131 -1.89174435206181e-03
47 137 -1.02146284240498e-02
47 138 -1.34206769127404e-03
47 140 -1.66879541316639e-02
47 141 -2.15277828132967e-01
47 142 -3.82979385693671e-01
47 143 -4.84126984126984e-02
47 144 -1.13636363636364e-02
47 148 -8.83913969628256e-03
47 151 -1.01886881234707e-01
47 159 -1.15053113240517e-02
47 165 -4.46045678437317e-02
47 166 -2.10265924551639e-03
47 168 -2.69841269841270e-03
47 169 -3.67186605281844e-03
47 204 -3.16956412194508e-03
47 207 -4.09156234308175e-03
47 209 -2.56300847698697e-03
47 210 -2.34644582470670e-03
47 211 -2.30007558578987e-03
48 48 5.09958086406252e+00
48 15 -1.15539452495974e-02
48 23 -6.81232616015225e-02
48 24 -5.05050505050506e-03
48 26 -6.09994151088121e-02
48 29 -4.77011313967836e-02
48 30 -5.70741759116051e-02
48 35 -1.09478402032750e-01
48 36 -2.07398555688924e-01
48 37 -3.62734487734488e-02
48 39 -1.13636363636364e-02
48 40 -1.24807074604505e-01
48 41 -2.23771083551329e-01
48 43 -4.01851008583127e-02
48 44 -1.17912959620686e-01
48 45 -4.34782608695653e-03
48 47 -1.13636363636364e-02
48 49 -1.12848938281745e+00
48 50 -1.55108396215116e-02
48 52 -1.34861868623074e-01
48 53 -3.97321036451472e-02
48 55 -2.23346935313768e-01
48 58 -1.29237804356381e-01
48 60 -1.12267080745342e-01
48 65 -2.09790209790210e-02
48 66 -1.81835154305510e-01
48 67 -8.04129664801602e-02
48 68 -8.26446280991737e-03
48 76 -2.09790209790210e-02
48 115 -5.34979423868313e-04
48 122 -4.89935587761675e-02
48 123 -1.21866816311261e-02
48 125 -9.14168136390359e-03
48 126 -1.06995884773663e-03
48 132 -1.02212706777924e-01
48 133 -3.58095194526354e-01
48 134 -8.23045267489712e-04
48 138 -1.61457965902410e-02
48 139 -5.34979423868313e-04
48 142 -1.13636363636364e-02
48 143 -5.27071961854571e-02
48 144 -3.62794006526988e-01
48 145 -1.80012345679012e-01
48 146 -2.41545893719807e-03
48 148 -9.23667895890118e-03
48 149 -1.19205013093902e-02
48 152 -9.39393939393940e-02
48 153 -3.39010895231251e-01
48 154 -5.80839450404668e-02
48 155 -1.23966942148761e-02
48 160 -2.26480278980279e-02
48 161 -2.15838122782568e-02
48 162 -5.17342739564962e-04
48 166 -1.86080380524825e-03
48 167 -2.62920207364652e-03
48 170 -3.33039388594944e-03
48 175 -6.92239858906526e-04
48 187 -4.12992357436802e-04
48 203 -6.21987066431511e-03
48 204 -1.67372134038801e-03
48 205 -1.07592592592593e-02
48 213 -1.20047031158142e-03
48 214 -1.62345679012346e-03
48 220 -2.72633744855967e-04
49 49 5.51563571006915e+00
49 27 -2.41991238550378e-02
49 30 -1.14371272032815e-01
49 36 -1.11866686490710e-01
49 41 -1.12937463283313e+00
49 44 -2.88153939804759e-01
49 45 -4.07813413232384e-02
49 48 -1.12848938281745e+00
49 50 -2.30053567926029e-01
49 52 -5.83120520255363e-02
49 53 -1.01316200751326e-01
49 55 -8.74798076441687e-02
49 60 -3.70370913928006e-02
49 61 -2.68694289837147e-02
49 66 -6.64534959989506e-02
49 67 -1.68338383941937e-01
49 68 2.83051778001343e-04
49 69 -6.99300699300700e-03
49 72 -1.66761148904006e-03
49 73 -3.30775479664369e-02
49 77 -2.74229444864366e-03
49 78 -4.93927025355597e-02
49 82 -1.00631686565506e-02
49 134 -6.70523415977962e-02
49 135 -4.01975308641976e-03
49 145 -1.00000000000000e+00
49 146 -2.05152984875207e-01
49 153 -6.64534959989506e-02
49 154 -2.06415733296686e-01
49 155 -4.25967466876557e-02
49 156 -3.74722546706674e-02
49 157 -6.99300699300700e-03
49 163 -3.59491857349000e-02
49 173 -1.03762492651382e-03
50 50 5.26103511315161e+00
50 10 -2.51299235743680e-03
50 14 -1.41483245149912e-02
50 19 -3.33424720346124e-02
50 23 -9.95583541038087e-03
50 24 -1.04616776123775e-01
50 25 -8.32751780600732e-02
50 27 -8.00468447379817e-02
50 30 -1.82296246672969e-02
50 36 -5.06780579685917e-02
50 41 -9.52033035036987e-02
50 44 -1.04554069361405e-01
50 45 -3.74758461762001e-01
50 48 -1.55108396215116e-02
50 49 -2.30053567926029e-01
50 52 -1.97988974831625e-02
50 53 -1.48209564229649e-01
50 55 -1.98184026049168e-02
50 60 -3.33454222878826e-02
50 61 -7.62335788653204e-02
50 66 -8.26446280991737e-03
50 67 -2.25251528533996e-02
50 68 -2.08487494685995e-01
50 69 -7.32050855127778e-02
50 73 -4.08833224150437e-02
50 78 -4.79252464173099e-02
50 83 -5.60846193797980e-03
50 91 -2.10041152263375e-03
50 102 -2.10041152263375e-03
50 105 -9.37683715461494e-04
50 112 -9.20634920634921e-03
50 116 -9.20634920634921e-03
50 123 -3.28426035244217e-02
50 124 -6.33211116357046e-02
50 126 -1.79088504088504e-02
50 127 -9.58206402650848e-03
50 134 -6.52051904324631e-02
50 135 -2.58439694804825e-01
50 136 -1.04061865016704e-01
50 146 -2.50870222966997e-01
50 147 -1.04243176178660e+00
50 150 -4.24317617866005e-02
50 153 -8.26446280991737e-03
50 154 -3.80526275605641e-02
50 155 -6.22196994924267e-02
50 156 -2.29016356592906e-01
50 157 -1.15636847299378e-01
50 163 -3.64423830138116e-02
51 51 5.08772353321106e+00
51 11 -2.32396808879639e-03
51 12 -2.88241415192508e-03
51 20 -6.40536478205573e-04
51 26 -5.66176106238542e-03
51 28 -4.57226951686881e-02
51 29 -1.05796186924559e-02
51 31 -6.52274003600747e-03
51 33 -6.07006590357267e-04
51 36 -4.64232033430785e-03
51 37 -4.65090432741100e-02
51 38 -3.10984064236298e-02
51 39 -1.45701058201058e-02
51 40 -1.20902133312569e-02
51 42 -3.68718367349124e-01
51 43 -4.00517989174929e-01
51 44 -1.23383380407314e-03
51 46 -2.45212157138392e-02
51 47 -7.52316948284690e-02
51 52 -9.59963441961361e-03
51 54 -3.84297844897199e-01
51 55 -6.66773146912779e-02
51 57 -2.14687879452856e-01
51 58 -4.97705240107888e-02
51 59 -4.22446016082015e-01
51 60 -5.61383762662193e-03
51 62 -1.18407578084997e-02
51 64 -3.49305340722895e-02
51 65 -2.77272423695986e-02
51 70 -5.21421703057653e-02
51 71 -3.99979502303099e-02
51 72 -2.89559801828876e-02
51 75 -1.41082872294098e-02
51 81 -2.66327336808235e-02
51 84 -1.55261549642403e-03
51 85 -2.20717509187357e-02
51 130 -1.80835659503714e-03
51 142 -1.45701058201058e-02
51 143 -4.52144171089384e-03
51 151 -1.35824007022164e-02
51 171 -3.68422207592715e-03
51 179 -7.76307748212015e-04
52 52 5.08813596843695e+00
52 15 -2.22590292155510e-03
52 23 -3.63745111571199e-03
52 26 -2.68958821446676e-02
52 29 -2.40332422676686e-02
52 30 -2.57514594439610e-02
52 35 -2.08900846921284e-02
52 36 -2.02988266077873e-01
52 37 -2.60719777023231e-02
52 40 -3.33276869872958e-02
52 41 -2.36159870375372e-02
52 43 -3.33066313584171e-02
52 44 -3.88805777477583e-01
52 45 -9.17964770449243e-03
52 48 -1.34861868623074e-01
52 49 -5.83120520255363e-02
52 50 -1.97988974831625e-02
52 51 -9.59963441961361e-03
52 53 -2.34889955723568e-01
52 54 -1.23775388291517e-03
52 55 -4.54311815904963e-01
52 57 -2.19764464925755e-03
52 58 -2.11489639504066e-02
52 59 -1.11855834328953e-02
52 60 -4.34233792978468e-01
52 61 -1.03212073591143e-02
52 64 -7.16564351874793e-03
52 65 -2.24278059481426e-02
52 66 -6.68301544178123e-02
52 67 -4.92343558089169e-02
52 68 -1.84098070709240e-02
52 70 -4.06047897490872e-02
52 72 -4.45627232652073e-02
52 73 -3.12374033515206e-02
52 76 -4.75599669148057e-03
52 77 -1.48252416162827e-02
52 78 -2.27948219408008e-02
52 82 -3.35099653853525e-02
52 83 -6.76998166592340e-03
52 86 -6.01853056230008e-03
52 122 -1.41154819415689e-03
52 132 -4.93540224255512e-03
52 133 -6.10766045548655e-03
52 143 -4.72292807830109e-03
52 144 -1.16482395584780e-02
52 146 -3.38547657388237e-03
52 151 -1.13671274961598e-03
52 153 -6.20741577263317e-02
52 154 -1.12413031287005e-02
52 155 -9.95670995670997e-03
52 156 -9.85134794658605e-04
52 161 -4.75599669148057e-03
52 163 -3.08536317752908e-03
52 173 -3.48751208966263e-03
52 183 -1.11689212625737e-03
53 53 5.23682639104420e+00
53 1 -7.01429837746175e-04
53 13 -5.60604308783289e-03
53 14 -1.38127721894631e-03
53 19 -5.80936567037065e-03
53 24 -1.21940879485104e-03
53 26 -2.52514741588623e-03
53 27 -5.15812917259680e-02
53 30 -7.37468127352211e-02
53 36 -5.45975486261572e-02
53 41 -5.36329635768627e-02
53 44 -4.18240474652748e-01
53 45 -5.85020408881261e-02
53 48 -3.97321036451472e-02
53 49 -1.01316200751326e-01
53 50 -1.48209564229649e-01
53 52 -2.34889955723568e-01
53 55 -3.57894193328448e-02
53 60 -6.31398254133426e-02
53 61 -3.61489226499436e-02
53 66 -1.60606060606061e-02
53 67 -1.28039875376043e-01
53 68 -1.25475302498679e-01
53 69 -2.10126678876679e-02
53 70 -9.53806936117030e-03
53 72 -2.69584486586865e-02
53 73 -5.87966311933609e-02
53 77 -2.77806785976682e-02
53 78 -4.04354694162451e-02
53 80 -5.21991264583791e-03
53 82 -4.79063957875704e-02
53 83 -2.88430214991241e-02
53 87 -1.76283035960455e-02
53 134 -2.14793092212447e-02
53 135 -1.53616202992547e-02
53 146 -1.13685972198517e-02
53 153 -1.60606060606061e-02
53 154 -1.18006296106655e-02
53 155 -1.17893217893218e-01
53 156 -1.33218065003779e-02
53 157 -2.10126678876679e-02
53 163 -1.79627191378344e-02
53 173 -8.60856042934896e-03
54 54 5.28948366562127e+00
54 3 -3.61848725821440e-04
54 11 -2.23232829314457e-03
54 16 -6.12359382159359e-04
54 20 -7.96067196807167e-04
54 28 -4.52262388042536e-02
54 29 -2.62838036449148e-03
54 31 -1.40554945337290e-02
54 37 -2.76527448867838e-02
54 38 -3.55347186664391e-02
54 39 -8.80787037037038e-03
54 40 -4.52976190476191e-03
54 42 -3.65893130421996e-01
54 43 -3.49377436132017e-02
54 46 -1.99385205097571e-01
54 47 -6.54801373954599e-02
54 51 -3.84297844897199e-01
54 52 -1.23775388291517e-03
54 55 -2.00189114480139e-02
54 56 -1.00000000000000e+00
54 57 -1.99634920634921e-01
54 58 -2.76698879691263e-02
54 59 -3.94238390131042e-01
54 62 -1.77083333333333e-01
54 64 -1.54979997534657e-02
54 65 -4.05797101449276e-03
54 70 -1.57113997788612e-02
54 71 -1.90384394379018e-01
54 72 -2.93344068706388e-03
54 75 -2.26725265972578e-03
54 81 -1.27848182283666e-02
54 85 -1.16049382716049e-03
54 108 -2.50510656337920e-04
54 130 -6.64575866188770e-03
54 142 -8.80787037037038e-03
54 143 -1.90138154027043e-03
54 151 -6.60714285714286e-03
54 171 -3.33333333333333e-04
55 55 5.14764041271351e+00
55 15 -1.06401758556348e-02
55 18 -2.61728395061729e-03
55 22 -2.54250440917108e-03
55 23 -1.31479692252639e-02
55 26 -5.00175029785850e-02
55 29 -5.11275269551509e-02
55 30 -3.48777509949113e-02
55 35 -7.11750695691345e-02
55 36 -6.05367392690719e-02
55 37 -5.91747720751027e-02
55 39 -3.41041366041367e-02
55 40 -4.23269221309648e-02
55 41 -4.67298104821735e-02
55 42 -1.07237339380197e-02
55 43 -6.56170529967142e-02
55 44 -6.63785922848795e-02
55 45 -6.88327746557561e-03
55 47 -5.21200096200097e-02
55 48 -2.23346935313768e-01
55 49 -8.74798076441687e-02
55 50 -1.98184026049168e-02
55 51 -6.66773146912779e-02
55 52 -4.54311815904963e-01
55 53 -3.57894193328448e-02
55 54 -2.00189114480138e-02
55 57 -2.41385607320691e-02
55 58 -5.00959887696588e-01
55 59 -1.12316593118642e-01
55 60 -4.99347052285678e-01
55 61 -3.15646258503401e-03
55 64 -9.33391591529144e-02
55 65 -1.38040627146529e-01
55 66 -1.05630666766515e-01
55 67 -6.23506707580876e-02
55 68 -1.37860568163599e-02
55 70 5.67193535906425e-02
55 71 -7.71680341487106e-03
55 72 -1.91699883199850e-01
55 73 -5.72839506172840e-03
55 75 -1.10005495488587e-02
55 76 -9.22149257223160e-02
55 77 -4.74954702272477e-03
55 78 -4.25245653817083e-03
55 82 -1.77052122078261e-02
55 85 -3.30680154318927e-02
55 86 -6.32694405485430e-03
55 110 -7.47795414462082e-04
55 122 -4.11555351072260e-03
55 132 -3.27652527111465e-02
55 133 -2.41208147729887e-02
55 142 -3.41041366041367e-02
55 143 -3.63586377022117e-02
55 144 -8.36445679923940e-02
55 146 -2.74327122153209e-03
55 151 -1.19171354999846e-02
55 152 -2.35042735042735e-01
55 153 -2.38505236528951e-02
55 154 -3.82901130002579e-02
55 155 -1.45415190869736e-02
55 156 -6.21063240110860e-04
55 161 -8.17801431136203e-02
55 163 -9.86394557823130e-04
55 171 -4.43305728088337e-03
55 172 -1.04347826086957e-02
55 173 -5.11463844797178e-04
55 181 -1.87003272557270e-03
56 56 5.83084826762246e+00
56 46 -1.00000000000000e+00
56 47 -1.00585993059111e-03
56 54 -1.00000000000000e+00
56 57 -1.04834034595605e+00
56 62 -1.04447311827957e+00
56 74 -5.41103017689907e-04
56 137 -5.77673903029436e-03
56 140 -6.14538427233537e-03
56 141 -2.13798469662757e-01
56 142 -2.54423394208341e-03
56 148 -3.32619590684107e-03
56 151 -5.08818904330826e-02
56 159 -1.03254069192328e-02
56 165 -1.18584889098847e-01
56 166 -1.08923334729786e-03
56 168 -8.11249855474621e-03
56 169 -1.25866964576642e-03
56 176 -1.41288010174587e-03
56 178 -1.11226731414036e-03
56 207 -1.40285967549235e-03
56 209 -5.15859251551239e-03
56 229 -4.20857902647705e-04
57 57 5.48696493190849e+00
57 29 -2.06046863189720e-03
57 37 -3.92222222222222e-02
57 38 -1.18577075098814e-02
57 39 -4.85714285714286e-02
57 40 -3.55102040816327e-03
57 42 -2.89115646258504e-02
57 43 -5.43519469436521e-02
57 47 -1.14531400966184e+00
57 51 -2.14687879452856e-01
57 52 -2.19764464925755e-03
57 54 -1.99634920634921e-01
57 55 -2.41385607320691e-02
57 56 -1.04834034595605e+00
57 58 -2.39210694170141e-01
57 59 -1.90835752078609e-01
57 62 -2.08695652173913e-02
57 63 -1.04347826086957e+00
57 64 -2.00643290130026e-01
57 65 -7.20496894409939e-03
57 70 -1.96568559915785e-02
57 71 -1.03023431594860e-03
57 72 -5.20835387295015e-03
57 75 -1.19034145058990e-02
57 85 -2.06046863189720e-03
57 120 -9.88142292490120e-03
57 130 -1.18577075098814e-02
57 137 -1.73356486119460e-02
57 140 -1.51138716356108e-02
57 141 -2.37007289449510e-02
57 142 -1.13801367714411e-01
57 143 -1.49055177626606e-03
57 148 -1.55185394315829e-02
57 151 -3.59512387873176e-01
57 159 -7.67225450254904e-02
57 165 -7.71991877870284e-02
57 166 -9.03444381705253e-03
57 168 -8.83590462833101e-03
57 169 -5.87238848108414e-03
57 171 -2.28843268532710e-02
57 179 -1.04347826086957e-02
57 209 -4.20757363253857e-03
58 58 5.27103294194967e+00
58 26 -2.80644743919541e-02
58 29 -2.61620450125975e-02
58 35 -3.76277300594761e-02
58 36 -4.53861372633657e-02
58 37 -1.01332851977622e-01
58 39 -1.80862193362191e-02
58 40 -2.44934449109667e-01
58 41 -5.05050505050506e-03
58 42 -1.63257432602671e-02
58 43 -1.12763265696211e-01
58 44 -1.30096549683548e-02
58 47 -4.55134680134678e-02
58 48 -1.29237804356381e-01
58 51 -4.97705240107888e-02
58 52 -2.11489639504066e-02
58 54 -2.76698879691263e-02
58 55 -5.00959887696588e-01
58 57 -2.39210694170141e-01
58 59 -4.00084492179987e-02
58 60 -3.38787150887642e-03
58 64 -2.53518230175121e-01
58 65 -1.15021350163005e+00
58 66 -9.40877304513669e-02
58 70 -9.55207905845702e-02
58 71 -1.57692953724700e-03
58 72 -4.36215580698536e-02
58 75 -2.24796338288402e-03
58 76 -4.31235431235432e-02
58 85 -3.15385907449400e-03
58 132 -2.55140184917963e-02
58 133 -5.05050505050506e-03
58 142 -1.80862193362191e-02
58 143 -4.00827265738960e-01
58 144 -6.12311425947789e-02
58 148 -6.27788877788878e-02
58 151 -4.04317835039565e-01
58 152 -3.57121510967665e-01
58 153 -5.09641873278237e-02
58 159 -7.14285714285715e-03
58 160 -9.12420912420914e-03
58 161 -8.15850815850816e-02
58 165 -7.86713286713288e-03
58 166 -7.22687568841415e-02
58 169 -1.10223110223110e-02
58 170 -1.24209124209124e-02
58 171 -1.13954061811205e-02
58 172 -3.84615384615385e-02
58 212 -1.04895104895105e-02
59 59 5.10561169414320e+00
59 29 -3.12228101116990e-03
59 37 -4.06386768287562e-02
59 39 -1.04629629629630e-02
59 40 -5.38095238095238e-03
59 42 -4.36903517380668e-02
59 43 -6.13062525103502e-02
59 47 -6.25925925925926e-02
59 51 -4.22446016082015e-01
59 52 -1.11855834328953e-02
59 54 -3.94238390131042e-01
59 55 -1.12316593118642e-01
59 57 -1.90835752078609e-01
59 58 -4.00084492179987e-02
59 60 -3.31754565625533e-03
59 62 -1.79327476958525e-01
59 63 -1.00000000000000e+00
59 64 -1.96250135724952e-01
59 65 -9.44093857832989e-02
59 70 -1.15941611869847e-01
59 71 -3.98304308125660e-01
59 72 -5.87516090112190e-02
59 75 -2.10340825177208e-01
59 76 -1.22285714285714e-02
59 81 -6.06859516121167e-02
59 84 -1.68808945708009e-02
59 85 -5.78308185349396e-02
59 86 -6.51601341195514e-03
59 142 -1.04629629629630e-02
59 143 -2.25867136978248e-03
59 151 -1.17796674225246e-02
59 171 -1.31592787652696e-02
59 172 -1.22285714285714e-02
59 179 -8.44044728540046e-03
59 181 -2.68701583998150e-03
60 60 5.09478543121916e+00
60 26 -1.66947458830914e-03
60 30 -1.26363443498709e-02
60 36 -5.25033171331541e-02
60 41 -5.70393374741201e-03
60 43 -1.03868226675570e-02
60 44 -8.26880216040084e-02
60 45 -1.54635613504661e-02
60 48 -1.12267080745342e-01
60 49 -3.70370913928006e-02
60 50 -3.33454222878826e-02
60 51 -5.61383762662193e-03
60 52 -4.34233792978468e-01
60 53 -6.31398254133426e-02
60 55 -4.99347052285678e-01
60 58 -3.38787150887642e-03
60 59 -3.31754565625534e-03
60 61 -1.96993549645549e-02
60 64 -1.71228162903501e-03
60 65 -9.69186844011529e-02
60 66 -1.10043601559731e+00
60 67 -2.17236783325431e-01
60 68 -3.69432819292919e-02
60 70 -9.69910596097426e-02
60 72 -4.25303990461868e-01
60 73 -4.83160955219327e-02
60 76 -4.30550632163536e-02
60 77 -2.25129906274010e-01
60 78 -4.28693726973710e-02
60 82 -6.14251566076886e-02
60 83 -3.07282108315754e-02
60 85 -1.90773499826570e-03
60 86 -2.03036985764939e-02
60 87 -3.56804127771870e-02
60 146 -3.36713697824809e-03
60 153 -5.73809523809524e-02
60 154 -1.04338312784293e-02
60 155 -2.11327561327562e-02
60 156 -3.00180566053582e-03
60 161 -4.30550632163536e-02
60 163 -8.60213834637798e-03
60 173 -1.39777360565891e-02
60 181 -4.95515583965116e-04
60 183 -7.26706638257107e-03
60 184 -1.72220252865414e-02
61 61 5.29889754601437e+00
61 19 -1.46484375000000e-03
61 27 -2.27168641588761e-02
61 30 -1.23915343915344e-02
61 44 -2.75909888131458e-02
61 45 -2.32066451550879e-01
61 49 -2.68694289837147e-02
61 50 -7.62335788653204e-02
61 52 -1.03212073591143e-02
61 53 -3.61489226499436e-02
61 55 -3.15646258503401e-03
61 60 -1.96993549645549e-02
61 67 -3.74287518734672e-02
61 68 -2.15351122593058e-01
61 69 -1.05458104395604e+00
61 72 -1.70068027210884e-03
61 73 -4.02396096452501e-01
61 77 -2.79667422524565e-03
61 78 -2.37726762285444e-02
61 80 -1.88129547433893e-01
61 82 -2.94516454913921e-02
61 83 -4.06855864868936e-02
61 87 -4.63598901098901e-03
61 88 -1.27473958333333e-02
61 135 -1.80105820105820e-03
61 146 -3.09523809523810e-03
61 154 -2.46712018140590e-03
61 155 -1.84415584415585e-02
61 156 -1.13437507619535e-02
61 157 -5.45810439560440e-02
61 163 -7.85736229975862e-03
61 173 -1.05820105820106e-03
61 185 -6.53831845238095e-03
62 62 5.65532500000000e+00
62 42 -5.20833333333333e-03
62 43 -4.20026881720430e-04
62 51 -1.18407578084997e-02
62 54 -1.77083333333333e-01
62 56 -1.04447311827957e+00
62 57 -2.08695652173913e-02
62 59 -1.79327476958525e-01
62 63 -1.04000000000000e+00
62 64 -1.13571195829261e-02
62 70 -2.32014848950333e-03
62 71 -1.78235407066052e-01
62 74 -1.04464516129032e+00
62 75 -1.99200460829493e-02
62 81 -6.39240911418331e-03
62 137 -5.34562211981567e-03
62 141 -6.74250985106526e-02
62 151 -3.17786561264823e-02
62 159 -1.00768049155146e-02
62 165 -3.36531672161404e-02
62 166 -3.63636363636364e-03
62 168 -5.66451612903226e-02
62 171 -3.01090909090910e-02
62 176 -1.21290322580645e-02
62 178 -4.95483870967742e-02
62 179 -1.92000000000000e-02
62 209 -3.87096774193549e-03
62 229 -3.61290322580645e-03
63 63 5.83333333333333e+00
63 57 -1.04347826086957e+00
63 59 -1.00000000000000e+00
63 62 -1.04000000000000e+00
63 64 -1.04545454545455e+00
63 75 -1.04000000000000e+00
63 141 -3.62318840579710e-02
63 151 -8.89328063241107e-02
63 165 -3.24716732542820e-01
63 166 -1.51515151515152e-02
63 171 -8.54545454545455e-02
63 179 -4.00000000000000e-02
64 64 5.33634831648600e+00
64 29 -2.91702359956328e-03
64 37 -1.54716564801946e-02
64 39 -5.14417989417990e-02
64 40 -5.02721088435374e-03
64 42 -6.26655978998529e-03
64 43 -3.22552604616056e-02
64 47 -6.12169312169313e-02
64 51 -3.49305340722895e-02
64 52 -7.16564351874793e-03
64 54 -1.54979997534657e-02
64 55 -9.33391591529144e-02
64 57 -2.00643290130026e-01
64 58 -2.53518230175121e-01
64 59 -1.96250135724952e-01
64 60 -1.71228162903501e-03
64 62 -1.13571195829261e-02
64 63 -1.04545454545455e+00
64 65 -1.16619734026298e+00
64 70 -9.81909968164008e-02
64 71 -1.65118977049588e-02
64 72 -4.88638105776873e-02
64 75 -2.03168562575868e-01
64 76 -4.93841269841270e-02
64 81 -1.84791133954642e-02
64 84 -2.52261478067930e-03
64 85 -2.43491775101120e-01
64 86 -4.07822722876486e-03
64 141 -9.88142292490120e-03
64 142 -5.14417989417990e-02
64 143 -1.25996977743010e-02
64 148 -7.99881936245574e-03
64 151 -3.48540886787740e-01
64 152 -1.04895104895105e-02
64 159 -8.44155844155845e-03
64 161 -4.54545454545455e-02
64 165 -9.45328781890047e-02
64 166 -5.93457925473735e-02
64 169 -5.74662491658540e-02
64 171 -3.36563772992444e-01
64 172 -9.48386724386725e-02
64 176 -8.07453416149070e-03
64 179 -1.21703982994306e-02
64 181 -1.68174318711953e-03
64 186 -7.65104460756636e-03
65 65 5.29930123973259e+00
65 29 -3.24361628709455e-03
65 37 -1.22360248447205e-02
65 40 -1.25830691048083e-02
65 43 -4.13034573343129e-02
65 48 -2.09790209790210e-02
65 51 -2.77272423695986e-02
65 52 -2.24278059481426e-02
65 54 -4.05797101449276e-03
65 55 -1.38040627146529e-01
65 57 -7.20496894409939e-03
65 58 -1.15021350163005e+00
65 59 -9.44093857832989e-02
65 60 -9.69186844011529e-02
65 64 -1.16619734026298e+00
65 66 -1.80286268915031e-01
65 70 -1.53424674023052e-01
65 71 -1.24554865424431e-02
65 72 -1.75147137087560e-01
65 75 -5.77556935817806e-02
65 76 -3.43431541034217e-01
65 85 -5.89926935149935e-02
65 86 -5.28789153810192e-02
65 143 -4.08079842862452e-02
65 144 -1.04895104895105e-02
65 151 -8.76427919906181e-02
65 152 -7.69230769230770e-02
65 153 -1.04895104895105e-02
65 161 -3.36463425092188e-01
65 165 -1.51515151515152e-02
65 166 -1.94638694638695e-01
65 171 -9.26098249576511e-02
65 172 -3.40301449275362e-01
65 181 -4.53108929406265e-02
66 66 5.51112532156488e+00
66 36 -9.69320534537927e-03
66 40 -1.52574698029244e-02
66 44 -2.04482715352281e-02
66 48 -1.81835154305510e-01
66 49 -6.64534959989506e-02
66 50 -8.26446280991737e-03
66 52 -6.68301544178123e-02
66 53 -1.60606060606061e-02
66 55 -1.05630666766515e-01
66 58 -9.40877304513669e-02
66 60 -1.10043601559731e+00
66 65 -1.80286268915031e-01
66 67 -1.06736258690804e+00
66 68 -8.26446280991737e-03
66 70 -1.72335845547627e-02
66 72 -4.89836834507242e-02
66 76 -1.70865068996937e-01
66 77 -1.04523809523810e+00
66 125 -4.62962962962963e-04
66 133 -6.41534391534392e-04
66 138 -8.21995464852608e-04
66 144 -2.34833324443714e-02
66 145 -7.29402872260016e-04
66 148 -3.10210953068096e-03
66 149 -3.53913282484711e-03
66 152 -8.78121878121879e-02
66 153 -3.23276049347478e-01
66 154 -5.42568542568543e-02
66 155 -1.23966942148761e-02
66 160 -1.98871080418700e-02
66 161 -3.92817197996685e-01
66 162 -1.76518014613253e-01
66 166 -7.64995762614811e-03
66 167 -1.04365651984700e-02
66 170 -1.59625193072398e-02
66 172 -1.28949357520786e-03
66 173 -4.52380952380953e-02
66 175 -1.65046053555370e-02
66 182 -1.20748299319728e-03
66 183 -4.52380952380953e-02
66 186 -1.59259259259259e-03
66 187 -8.75746272744203e-03
66 205 -5.99017384731671e-04
66 220 -4.80599647266314e-03
66 221 -3.89610389610390e-03
66 231 -1.06198034769463e-03
66 232 -3.72670807453417e-03
67 67 5.31782488797702e+00
67 30 -2.98235567925950e-02
67 36 -1.66858424529232e-02
67 41 -1.47896525959767e-02
67 44 -6.11481584105947e-02
67 45 -3.92788937253223e-02
67 48 -8.04129664801602e-02
67 49 -1.68338383941937e-01
67 50 -2.25251528533996e-02
67 52 -4.92343558089169e-02
67 53 -1.28039875376043e-01
67 55 -6.23506707580876e-02
67 60 -2.17236783325431e-01
67 61 -3.74287518734672e-02
67 66 -1.06736258690804e+00
67 68 -1.81601079390638e-01
67 69 -6.99300699300700e-03
67 70 -7.94443618585138e-03
67 72 -2.43792399026902e-02
67 73 -6.23112269136550e-02
67 77 -2.43538425448712e-01
67 78 -4.15442015459943e-01
67 82 -4.67365493519909e-02
67 83 -2.53443653616093e-02
67 86 -4.75849121010412e-03
67 87 -6.38827838827839e-02
67 134 -8.26446280991737e-03
67 146 -3.77485169151836e-02
67 153 -6.73625869080415e-02
67 154 -2.08104046216437e-01
67 155 -4.29286370195461e-02
67 156 -3.74479832336975e-02
67 157 -6.99300699300700e-03
67 162 -1.00000000000000e+00
67 163 -2.12495475935568e-01
67 173 -1.78810889230244e-01
67 183 -1.95937873357228e-03
67 184 -4.84737484737485e-02
68 68 5.48627876439634e+00
68 27 -1.04897590387242e-02
68 30 -2.77949674717352e-02
68 41 -8.26446280991737e-03
68 44 -4.40895998794683e-02
68 45 -7.74141942126681e-02
68 48 -8.26446280991737e-03
68 49 2.83051778001343e-04
68 50 -2.08487494685995e-01
68 52 -1.84098070709240e-02
68 53 -1.25475302498679e-01
68 55 -1.37860568163599e-02
68 60 -3.69432819292919e-02
68 61 -2.15351122593058e-01
68 66 -8.26446280991737e-03
68 67 -1.81601079390638e-01
68 69 -1.05522255522256e+00
68 72 -2.72108843537415e-03
68 73 -2.21792188752327e-01
68 77 -4.47467876039305e-03
68 78 -2.31405010373611e-01
68 79 -1.00000000000000e+00
68 80 -1.13150098749177e-03
68 82 -2.60291277249803e-02
68 83 -1.40632144905657e-02
68 87 -4.39560439560440e-03
68 134 -8.26446280991737e-03
68 135 -1.74015285126396e-03
68 146 -3.70797926353482e-02
68 153 -8.26446280991737e-03
68 154 -3.67719523275079e-02
68 155 -3.84625475534566e-02
68 156 -2.08427822959313e-01
68 157 -5.52225552225553e-02
68 163 -2.11212187709884e-01
68 164 -1.00000000000000e+00
68 173 -1.69312169312169e-03
69 69 5.66017815104664e+00
69 45 -7.29642152719076e-02
69 49 -6.99300699300700e-03
69 50 -7.32050855127778e-02
69 53 -2.10126678876679e-02
69 61 -1.05458104395604e+00
69 67 -6.99300699300700e-03
69 68 -1.05522255522256e+00
69 73 -5.49450549450550e-03
69 79 -9.03225806451613e-04
69 80 -1.04193548387097e+00
69 136 -1.66749379652606e-02
69 147 -7.44416873449132e-03
69 150 -1.34043953502851e-02
69 155 -1.04895104895105e-02
69 156 -4.26129426129426e-02
69 157 -3.52833135273702e-01
69 158 -1.44350590122356e-02
69 164 -2.18921260738465e-01
69 167 -7.29163110883541e-03
69 174 -2.01792114695341e-03
69 175 -1.03942652329749e-03
69 177 -1.13796181593615e-02
69 185 -4.35483870967742e-02
69 188 -4.80844285145361e-03
69 206 -2.16903688287663e-03
69 222 -2.36559139784946e-03
69 223 -7.35348980614329e-03
69 228 -9.31899641577061e-04
70 70 5.40590692296008e+00
70 26 -7.29791681578016e-03
70 29 -8.43219347992456e-03
70 36 -8.72461629658994e-03
70 37 -3.08514238082323e-02
70 40 -1.18693808153761e-02
70 42 -2.32014848950333e-03
70 43 -6.52953418827840e-02
70 44 -5.28335232809739e-03
70 51 -5.21421703057653e-02
70 52 -4.06047897490872e-02
70 53 -9.53806936117030e-03
70 54 -1.57113997788612e-02
70 55 5.67193535906426e-02
70 57 -1.96568559915785e-02
70 58 -9.55207905845702e-02
70 59 -1.15941611869847e-01
70 60 -9.69910596097426e-02
70 62 -2.32014848950333e-03
70 64 -9.81909968164008e-02
70 65 -1.53424674023052e-01
70 66 -1.72335845547627e-02
70 67 -7.94443618585138e-03
70 71 -4.73216455946015e-02
70 72 -3.57494050081155e-01
70 73 -4.58419635630874e-03
70 75 -5.41985492815212e-02
70 76 -9.99380793119925e-02
70 77 -1.94143954552569e-02
70 78 -4.15200215824566e-03
70 81 -1.82654558248103e-02
70 82 -3.80589768374977e-02
70 83 -1.38471829939052e-03
70 84 -1.33206151000116e-02
70 85 -9.22061580956343e-02
70 86 -3.55274060924659e-02
70 143 -4.50282112741206e-03
70 151 -1.01673393059889e-02
70 161 -1.72335845547627e-02
70 171 -1.91182938813674e-02
70 172 -8.27044947572298e-02
70 173 -1.09916367980884e-03
70 179 -6.66030755000578e-03
70 181 -1.40214051960195e-02
70 183 -4.66535148572089e-03
71 71 5.26626726865256e+00
71 37 -9.05895691609978e-04
71 42 -1.15687403993856e-02
71 43 -7.79344416496317e-03
71 51 -3.99979502303099e-02
71 54 -1.90384394379018e-01
71 55 -7.71680341487106e-03
71 57 -1.03023431594860e-03
71 58 -1.57692953724700e-03
71 59 -3.98304308125660e-01
71 62 -1.78235407066052e-01
71 64 -1.65118977049588e-02
71 65 -1.24554865424431e-02
71 70 -4.73216455946015e-02
71 72 -9.80674322274149e-03
71 74 -1.00000000000000e+00
71 75 -2.07691604602684e-01
71 76 -5.96825396825398e-03
71 81 -3.94032039146255e-01
71 84 -1.92154887160090e-01
71 85 -4.71096275794012e-02
71 86 -4.19589749801335e-03
71 151 -5.32879818594105e-04
71 171 -6.48696754687538e-03
71 172 -5.96825396825398e-03
71 179 -1.27441102467117e-02
71 181 -1.73026700949004e-03
72 72 5.10190837431316e+00
72 26 -1.79830864014007e-03
72 29 -1.80200904838586e-03
72 36 -2.55913152635317e-03
72 37 -7.85788228334813e-03
72 40 -3.10559006211180e-03
72 43 -3.85116685028785e-02
72 44 -6.72017546757401e-03
72 49 -1.66761148904006e-03
72 51 -2.89559801828876e-02
72 52 -4.45627232652073e-02
72 53 -2.69584486586865e-02
72 54 -2.93344068706388e-03
72 55 -1.91699883199850e-01
72 57 -5.20835387295015e-03
72 58 -4.36215580698536e-02
72 59 -5.87516090112190e-02
72 60 -4.25303990461868e-01
72 61 -1.70068027210884e-03
72 64 -4.88638105776874e-02
72 65 -1.75147137087560e-01
72 66 -4.89836834507242e-02
72 67 -2.43792399026902e-02
72 68 -2.72108843537415e-03
72 70 -3.57494050081155e-01
72 71 -9.80674322274149e-03
72 73 -1.86728031340786e-02
72 75 -1.76647854059022e-02
72 76 -1.11346383661531e+00
72 77 -2.21002033209648e-01
72 78 -1.86204161858986e-02
72 81 -2.00911190369435e-02
72 82 -5.30650861402264e-02
72 83 -1.00136593499162e-02
72 84 -3.44988961013935e-03
72 85 -8.79514271131123e-02
72 86 -2.07572891422103e-01
72 87 -2.72066643034385e-02
72 143 -1.30358101372594e-03
72 151 -2.69397614118111e-03
72 154 -6.42479213907786e-04
72 161 -4.89836834507242e-02
72 163 -1.02040816326531e-03
72 171 -7.14512577666255e-03
72 172 -6.44801531645852e-02
72 173 -7.50810718552654e-03
72 179 -1.72494480506968e-03
72 181 -1.15866215500126e-02
72 183 -1.20579278364138e-02
72 184 -1.63062743707905e-02
73 73 5.08457295596334e+00
73 27 -7.77538278578862e-03
73 30 -9.38947677836567e-03
73 44 -3.12150829525423e-02
73 45 -4.29162866888249e-02
73 49 -3.30775479664369e-02
73 50 -4.08833224150437e-02
73 52 -3.12374033515206e-02
73 53 -5.87966311933609e-02
73 55 -5.72839506172840e-03
73 60 -4.83160955219327e-02
73 61 -4.02396096452501e-01
73 67 -6.23112269136550e-02
73 68 -2.21792188752327e-01
73 69 -5.49450549450550e-03
73 70 -4.58419635630874e-03
73 72 -1.86728031340786e-02
73 77 -3.42739054910087e-02
73 78 -2.15651361713513e-01
73 79 -1.00000000000000e+00
73 80 -2.00414980404900e-01
73 82 -4.96136325137614e-02
73 83 -4.19386562142620e-01
73 86 -6.20835795029344e-03
73 87 -9.05228036369475e-02
73 88 -2.12097141140110e-01
73 135 -9.78835978835979e-04
73 146 -2.80717225161670e-03
73 154 -4.47736625514404e-03
73 155 -2.10678210678211e-02
73 156 -7.01823541045251e-03
73 157 -5.49450549450550e-03
73 163 -1.43660715457951e-02
73 173 -8.16870239809308e-03
73 183 -2.55638268541495e-03
73 184 -1.30628346012962e-02
73 185 -1.23446323641636e-02
74 74 5.83139784946237e+00
74 56 -5.41103017689907e-04
74 62 -1.04464516129032e+00
74 71 -1.00000000000000e+00
74 75 -1.04464516129032e+00
74 84 -1.00000000000000e+00
74 137 -6.46647837074476e-04
74 141 -1.21376542292255e-03
74 159 -1.21896833655419e-03
74 165 -1.19008585346096e-01
74 166 -1.08194750550992e-03
74 168 -6.14464099895942e-03
74 169 -1.25025045081146e-03
74 171 -4.71697054698458e-02
74 176 -1.24505134883817e-02
74 178 -1.70107526881720e-01
74 179 -4.91116625310174e-02
74 186 -1.62893207773993e-03
74 209 -4.68262226847035e-04
74 229 -3.65591397849462e-03
74 239 -4.14746543778802e-03
75 75 5.29085903294759e+00
75 37 -1.29138321995465e-03
75 42 -7.20046082949309e-04
75 43 -7.19007414119153e-03
75 51 -1.41082872294098e-02
75 54 -2.26725265972578e-03
75 55 -1.10005495488587e-02
75 57 -1.19034145058990e-02
75 58 -2.24796338288402e-03
75 59 -2.10340825177208e-01
75 62 -1.99200460829493e-02
75 63 -1.04000000000000e+00
75 64 -2.03168562575868e-01
75 65 -5.77556935817806e-02
75 70 -5.41985492815212e-02
75 71 -2.07691604602684e-01
75 72 -1.76647854059022e-02
75 74 -1.04464516129032e+00
75 76 -4.85079365079365e-02
75 81 -4.03385538128613e-02
75 84 -1.91945669469083e-01
75 85 -4.33554789603821e-01
75 86 -5.29961258022306e-03
75 141 -8.69565217391306e-03
75 151 -2.21035107059952e-02
75 165 -6.50411322198138e-02
75 166 -8.10841332580464e-03
75 168 -8.51612903225807e-03
75 169 -5.16770186335404e-03
75 171 -3.62736154014214e-01
75 172 -4.85079365079365e-02
75 176 -7.46192377047918e-02
75 178 -4.95483870967742e-02
75 179 -3.51736937298644e-01
75 181 -2.18540724957652e-03
75 186 -6.73291925465839e-03
75 229 -3.61290322580645e-03
76 76 5.50526797890754e+00
76 40 -6.99300699300700e-03
76 48 -2.09790209790210e-02
76 52 -4.75599669148057e-03
76 55 -9.22149257223160e-02
76 58 -4.31235431235432e-02
76 59 -1.22285714285714e-02
76 60 -4.30550632163536e-02
76 64 -4.93841269841270e-02
76 65 -3.43431541034216e-01
76 66 -1.70865068996937e-01
76 70 -9.99380793119925e-02
76 71 -5.96825396825398e-03
76 72 -1.11346383661531e+00
76 75 -4.85079365079365e-02
76 77 -1.04523809523810e+00
76 85 -2.83838197644648e-02
76 86 -1.04834408602151e+00
76 144 -1.04895104895105e-02
76 148 -1.31106988249846e-03
76 152 -4.04095904095904e-02
76 153 -1.20711431425717e-02
76 160 -3.72586408300694e-03
76 161 -3.82316223662377e-01
76 162 -1.33030990173847e-03
76 165 -7.76397515527951e-04
76 166 -1.29187846123664e-02
76 167 -9.59939531368104e-04
76 169 -2.33776989056492e-03
76 170 -1.67960151906589e-02
76 171 -4.52919254658385e-02
76 172 -3.40637137818090e-01
76 173 -4.52380952380953e-02
76 175 -8.61825889776201e-03
76 176 -2.20763087843833e-03
76 181 -4.34408602150538e-02
76 182 -1.77593080242850e-01
76 183 -4.52380952380953e-02
76 186 -1.44706040537871e-02
76 187 -1.47230305555291e-02
76 219 -1.33786848072562e-03
76 220 -7.01058201058202e-04
76 230 -1.79591836734694e-03
76 231 -7.85313599752924e-03
76 232 -3.72670807453417e-03
76 241 -1.76651305683564e-03
77 77 5.41207766090469e+00
77 44 -5.47341161256065e-03
77 49 -2.74229444864366e-03
77 52 -1.48252416162827e-02
77 53 -2.77806785976682e-02
77 55 -4.74954702272477e-03
77 60 -2.25129906274010e-01
77 61 -2.79667422524565e-03
77 66 -1.04523809523810e+00
77 67 -2.43538425448712e-01
77 68 -4.47467876039305e-03
77 70 -1.94143954552569e-02
77 72 -2.21002033209648e-01
77 73 -3.42739054910087e-02
77 76 -1.04523809523810e+00
77 78 -2.39435301983607e-01
77 82 -1.14141380096163e-01
77 83 -1.56517055757011e-02
77 85 -3.25586773037346e-03
77 86 -2.36016830271513e-01
77 87 -5.53516513814280e-02
77 153 -5.08928571428572e-02
77 154 -1.05652137398169e-03
77 160 -1.18496472663139e-02
77 161 -7.74250440917079e-03
77 162 -4.94268077601411e-02
77 163 -1.67800453514739e-03
77 166 -1.51080246913580e-02
77 167 -5.59964726631394e-03
77 170 -3.06942527413542e-02
77 172 -4.91887125220459e-02
77 173 -3.75858054231710e-01
77 175 -6.86220381872557e-02
77 181 -8.45679929967131e-04
77 182 -4.87103174603175e-02
77 183 -3.74849893188863e-01
77 184 -3.29031046152633e-02
77 186 -9.29012345679013e-03
77 187 -6.79055478874320e-02
77 220 -4.08950617283951e-03
77 231 -6.19488536155204e-03
77 232 -1.08695652173913e-02
78 78 5.47399218811379e+00
78 30 -2.68812463256908e-03
78 44 -1.70295122352586e-02
78 45 -8.98211136306375e-03
78 49 -4.93927025355597e-02
78 50 -4.79252464173099e-02
78 52 -2.27948219408008e-02
78 53 -4.04354694162451e-02
78 55 -4.25245653817083e-03
78 60 -4.28693726973710e-02
78 61 -2.37726762285444e-02
78 67 -4.15442015459943e-01
78 68 -2.31405010373611e-01
78 70 -4.15200215824566e-03
78 72 -1.86204161858986e-02
78 73 -2.15651361713513e-01
78 77 -2.39435301983607e-01
78 79 -1.00000000000000e+00
78 80 -7.26675078633604e-04
78 82 -6.59596857199636e-02
78 83 -3.97684418832622e-02
78 86 -4.51476361153781e-03
78 87 -1.10748296506361e+00
78 146 -1.13903586125808e-03
78 154 -3.32375913328294e-03
78 155 -5.66378066378067e-02
78 156 -2.21298395901571e-03
78 163 -1.78127032892010e-01
78 173 -1.77758623959341e-01
78 174 -1.00000000000000e+00
78 183 -1.85902031063321e-03
78 184 -4.79609279609280e-02
79 79 5.83133333333333e+00
79 68 -1.00000000000000e+00
79 69 -9.03225806451613e-04
79 73 -1.00000000000000e+00
79 78 -1.00000000000000e+00
79 80 -1.04307692307692e+00
79 87 -9.03225806451613e-04
79 88 -1.04307692307692e+00
79 150 -9.67741935483871e-04
79 157 -1.70967741935484e-03
79 158 -6.52735961768220e-03
79 164 -2.15485354549871e-01
79 167 -1.28550093872675e-02
79 174 -2.15573936219098e-01
79 175 -6.35173237753883e-03
79 177 -6.86420890937020e-03
79 184 -1.76344086021505e-03
79 185 -9.04395604395605e-02
79 187 -1.07526881720430e-03
79 188 -9.33114123941613e-03
79 222 -8.74216701173224e-03
79 223 -3.85924219150026e-03
79 228 -1.23809523809524e-03
79 233 -3.28888888888889e-03
79 234 -2.60869565217392e-03
79 237 -2.60869565217392e-03
80 80 5.47177336171155e+00
80 45 -1.36408730158730e-03
80 53 -5.21991264583791e-03
80 61 -1.88129547433893e-01
80 68 -1.13150098749177e-03
80 69 -1.04193548387097e+00
80 73 -2.00414980404900e-01
80 78 -7.26675078633604e-04
80 79 -1.04307692307692e+00
80 82 -3.16164410346438e-03
80 83 -3.29680616042943e-02
80 87 -2.74725274725275e-03
80 88 -1.97203492621161e-01
80 150 -3.72208436724566e-03
80 157 -4.50372208436725e-02
80 158 -1.33266375201859e-02
80 164 -3.40215023465643e-02
80 167 -1.41596754499980e-02
80 174 -5.76486334178642e-02
80 175 -5.31135531135532e-03
80 177 -6.71211942179685e-02
80 185 -3.63351417212595e-01
80 188 -1.79365079365080e-02
80 223 -4.82492417976289e-03
81 81 5.47404362297006e+00
81 42 -6.39240911418331e-03
81 43 -5.11581128288985e-03
81 51 -2.66327336808235e-02
81 54 -1.27848182283666e-02
81 59 -6.06859516121167e-02
81 62 -6.39240911418331e-03
81 64 -1.84791133954642e-02
81 70 -1.82654558248103e-02
81 71 -3.94032039146256e-01
81 72 -2.00911190369435e-02
81 75 -4.03385538128613e-02
81 82 -1.33825231481482e-03
81 84 -1.92856729927490e-01
81 85 -1.42684417004941e-02
81 86 -6.89018828387813e-03
81 171 -4.75779021285934e-03
81 179 -1.30950316304114e-02
81 181 -2.31928821939228e-03
82 82 5.34193583744979e+00
82 44 -1.67778232765081e-02
82 49 -1.00631686565506e-02
82 52 -3.35099653853525e-02
82 53 -4.79063957875704e-02
82 55 -1.77052122078261e-02
82 60 -6.14251566076885e-02
82 61 -2.94516454913921e-02
82 67 -4.67365493519909e-02
82 68 -2.60291277249803e-02
82 70 -3.80589768374977e-02
82 72 -5.30650861402265e-02
82 73 -4.96136325137614e-02
82 77 -1.14141380096163e-01
82 78 -6.59596857199636e-02
82 80 -3.16164410346438e-03
82 81 -1.33825231481482e-03
82 83 -2.11632188425289e-01
82 85 -1.03502181128840e-02
82 86 -2.52173275764587e-02
82 87 -1.45666081919184e-01
82 88 -2.74038461538462e-02
82 154 -3.87702815096568e-03
82 163 -7.82708484551803e-03
82 173 -1.57635852797143e-02
82 181 -2.27125073639122e-03
82 183 -1.17256513382944e-02
82 184 -7.11899156812309e-02
82 185 -8.01282051282052e-04
83 83 5.25861809852092e+00
83 27 -1.48302308552048e-03
83 44 -3.29914275803974e-03
83 45 -1.44640422578443e-02
83 50 -5.60846193797980e-03
83 52 -6.76998166592339e-03
83 53 -2.88430214991241e-02
83 60 -3.07282108315754e-02
83 61 -4.06855864868936e-02
83 67 -2.53443653616093e-02
83 68 -1.40632144905657e-02
83 70 -1.38471829939052e-03
83 72 -1.00136593499162e-02
83 73 -4.19386562142620e-01
83 77 -1.56517055757011e-02
83 78 -3.97684418832622e-02
83 80 -3.29680616042943e-02
83 82 -2.11632188425289e-01
83 86 -1.87482768127930e-03
83 87 -6.93846062952762e-02
83 88 -2.07243375114469e-01
83 156 -1.43141605507197e-03
83 163 -3.46905015107780e-03
83 173 -3.17845436125006e-03
83 183 -7.71987868762063e-04
83 184 -3.94477317554241e-03
83 185 -1.20808770222833e-02
84 84 5.64516129032258e+00
84 51 -1.55261549642403e-03
84 59 -1.68808945708009e-02
84 64 -2.52261478067930e-03
84 70 -1.33206151000116e-02
84 71 -1.92154887160090e-01
84 72 -3.44988961013935e-03
84 74 -1.00000000000000e+00
84 75 -1.91945669469083e-01
84 81 -1.92856729927490e-01
84 85 -1.95849506411421e-01
84 86 -1.12151693837438e-03
84 171 -9.21658986175116e-04
84 178 -1.00000000000000e+00
84 179 -1.77419354838710e-01
84 181 -4.62481211700775e-04
85 85 5.46079519035270e+00
85 37 -1.81179138321996e-03
85 43 -9.16067060037875e-03
85 51 -2.20717509187357e-02
85 54 -1.16049382716049e-03
85 55 -3.30680154318927e-02
85 57 -2.06046863189720e-03
85 58 -3.15385907449400e-03
85 59 -5.78308185349396e-02
85 60 -1.90773499826570e-03
85 64 -2.43491775101120e-01
85 65 -5.89926935149936e-02
85 70 -9.22061580956343e-02
85 71 -4.71096275794012e-02
85 72 -8.79514271131123e-02
85 75 -4.33554789603821e-01
85 76 -2.83838197644648e-02
85 77 -3.25586773037346e-03
85 81 -1.42684417004941e-02
85 82 -1.03502181128840e-02
85 84 -1.95849506411421e-01
85 86 -2.36407179980666e-01
85 151 -1.06575963718821e-03
85 171 -2.23533842927852e-01
85 172 -2.83838197644648e-02
85 179 -1.81258086539044e-01
85 180 -1.00000000000000e+00
85 181 -2.20233296077902e-01
85 183 -1.24638686553359e-03
86 86 5.46554093440475e+00
86 52 -6.01853056230007e-03
86 55 -6.32694405485430e-03
86 59 -6.51601341195514e-03
86 60 -2.03036985764938e-02
86 64 -4.07822722876486e-03
86 65 -5.28789153810192e-02
86 67 -4.75849121010412e-03
86 70 -3.55274060924659e-02
86 71 -4.19589749801335e-03
86 72 -2.07572891422103e-01
86 73 -6.20835795029344e-03
86 75 -5.29961258022306e-03
86 76 -1.04834408602151e+00
86 77 -2.36016830271513e-01
86 78 -4.51476361153781e-03
86 81 -6.89018828387813e-03
86 82 -2.52173275764587e-02
86 83 -1.87482768127930e-03
86 84 -1.12151693837438e-03
86 85 -2.36407179980666e-01
86 87 -5.11166253101737e-02
86 171 -1.49001536098310e-03
86 172 -4.83440860215054e-02
86 173 -1.62485065710872e-03
86 179 -5.60758469187189e-04
86 181 -1.77040698346630e-01
86 182 -1.00000000000000e+00
86 183 -1.76291334258296e-01
86 184 -4.68982630272953e-02
87 87 5.46491187885729e+00
87 53 -1.76283035960455e-02
87 60 -3.56804127771870e-02
87 61 -4.63598901098901e-03
87 67 -6.38827838827839e-02
87 68 -4.39560439560440e-03
87 72 -2.72066643034385e-02
87 73 -9.05228036369475e-02
87 77 -5.53516513814280e-02
87 78 -1.10748296506361e+00
87 79 -9.03225806451613e-04
87 80 -2.74725274725275e-03
87 82 -1.45666081919184e-01
87 83 -6.93846062952762e-02
87 86 -5.11166253101737e-02
87 88 -1.08304125310174e+00
87 158 -1.03942652329749e-03
87 163 -1.64835164835165e-03
87 164 -2.01792114695341e-03
87 167 -6.95283609262104e-03
87 173 -4.52991452991453e-02
87 174 -2.18820560960346e-01
87 175 -1.32073365670313e-02
87 177 -4.52170450019913e-03
87 183 -4.36724565756824e-02
87 184 -3.54120180805525e-01
87 185 -4.47503101736973e-02
87 187 -5.61914672216441e-03
87 188 -1.12420410103379e-02
87 222 -3.33903726827764e-03
87 233 -5.76143677496435e-03
87 241 -2.52514741588623e-03
87 242 -5.17978957104868e-04
87 269 -8.25528962885883e-04
88 88 5.47740261341223e+00
88 61 -1.27473958333333e-02
88 73 -2.12097141140110e-01
88 79 -1.04307692307692e+00
88 80 -1.97203492621161e-01
88 82 -2.74038461538462e-02
88 83 -2.07243375114469e-01
88 87 -1.08304125310174e+00
88 158 -5.31135531135532e-03
88 164 -5.76486334178642e-02
88 167 -1.44747725392887e-02
88 174 -3.41790508912096e-02
88 175 -1.40552995391705e-02
88 177 -1.70818070818071e-02
88 184 -4.52440033085195e-02
88 185 -3.62839884474500e-01
88 187 -4.13564929693962e-03
88 188 -7.09791642049707e-02
