9 12 9 12
9 9 5.69547253761262e+00
9 10 -1.53195854934394e+00
9 11 -1.63333393789071e-02
9 12 -2.44170681279923e-02
9 0 -9.00616022566507e-02
9 1 -1.29287429111600e-02
9 2 -1.25459088305661e-03
9 3 -7.83759172351748e-03
9 4 -2.31653868874332e-01
9 5 -5.03738097446224e-02
9 6 -1.09185414525461e-01
9 7 -7.27864871274524e-02
9 8 -3.89407717365075e-02
10 10 5.09132398483164e+00
10 9 -1.53195854934394e+00
10 11 -2.09943820609429e-02
10 12 -3.51027629293570e-02
10 0 -3.78125768081363e-02
10 1 -1.92059758725911e-02
10 2 -2.54394329568643e-03
10 3 -1.52723541406191e-02
10 4 -1.74044700070359e-01
10 5 -4.75895879675720e-02
10 6 -1.28284080241710e-01
10 7 -7.04001894802090e-02
10 8 -3.48160949797747e-02
11 11 4.97901610021235e+00
11 9 -1.63333393789070e-02
11 10 -2.09943820609429e-02
11 12 -1.73880167433861e-02
11 0 -1.36596687206432e-02
11 1 -2.17794081393130e-03
11 2 -3.66392349458051e-03
11 3 -5.70928628417468e-02
11 4 -5.50328657337494e-02
11 5 -7.28436289296317e-02
11 6 -2.57157713000340e-02
11 7 -2.75847556412018e-02
11 8 -4.52304399357562e-02
12 12 6.26792082350648e+00
12 9 -2.44170681279923e-02
12 10 -3.51027629293570e-02
12 11 -1.73880167433861e-02
12 0 -4.13357369792762e-03
12 1 -1.80641241282625e-02
12 2 -1.22963794920202e-03
12 3 -7.67576422957548e-03
12 4 -1.74000416590106e-02
12 5 -5.06430384078015e-03
12 6 -8.23144662494418e-02
12 7 -4.47679710457540e-02
12 8 -2.11836027931743e-02
