170 350 170 350
170 170 5.50000000000000e+00
170 171 -1.66666666666667e-01
170 175 -3.33333333333333e-01
170 176 -3.33333333333333e-01
170 181 -1.66666666666667e-01
170 186 -1.66666666666667e-01
170 187 -1.00000000000000e+00
170 188 -1.66666666666667e-01
170 195 -1.66666666666667e-01
170 10 -1.66666666666667e-01
170 11 -1.00000000000000e+00
170 12 -1.66666666666667e-01
171 171 5.50000000000000e+00
171 170 -1.66666666666667e-01
171 172 -1.66666666666667e-01
171 176 -3.33333333333333e-01
171 177 -3.33333333333333e-01
171 182 -1.66666666666667e-01
171 188 -1.66666666666667e-01
171 189 -1.00000000000000e+00
171 190 -1.66666666666667e-01
171 196 -1.66666666666667e-01
171 12 -1.66666666666667e-01
171 13 -1.00000000000000e+00
171 14 -1.66666666666667e-01
172 172 5.50000000000000e+00
172 171 -1.66666666666667e-01
172 173 -1.66666666666667e-01
172 177 -3.33333333333333e-01
172 178 -3.33333333333333e-01
172 183 -1.66666666666667e-01
172 190 -1.66666666666667e-01
172 191 -1.00000000000000e+00
172 192 -1.66666666666667e-01
172 197 -1.66666666666667e-01
172 14 -1.66666666666667e-01
172 15 -1.00000000000000e+00
172 16 -1.66666666666667e-01
173 173 5.66666666666667e+00
173 172 -1.66666666666667e-01
173 174 -1.00000000000000e+00
173 178 -3.33333333333333e-01
173 179 -1.66666666666667e-01
173 184 -1.66666666666667e-01
173 192 -1.66666666666667e-01
173 193 -1.00000000000000e+00
173 198 -1.66666666666667e-01
173 16 -1.66666666666667e-01
173 17 -1.00000000000000e+00
174 174 5.50000000000000e+00
174 173 -1.00000000000000e+00
174 179 -1.00000000000000e+00
174 180 -1.66666666666667e-01
174 193 -1.66666666666667e-01
174 194 -3.33333333333333e-01
174 199 -1.66666666666667e-01
174 212 -1.66666666666667e-01
174 9 -1.66666666666667e-01
174 17 -1.66666666666667e-01
174 18 -3.33333333333333e-01
174 33 -3.33333333333333e-01
175 175 5.33333333333333e+00
175 170 -3.33333333333333e-01
175 176 -1.66666666666667e-01
175 181 -3.33333333333333e-01
175 186 -3.33333333333333e-01
175 195 -3.33333333333333e-01
175 201 -3.33333333333333e-01
175 214 -1.66666666666667e-01
175 10 -1.66666666666667e-01
175 351 -1.66666666666667e-01
176 176 5.16666666666667e+00
176 170 -3.33333333333333e-01
176 171 -3.33333333333333e-01
176 175 -1.66666666666667e-01
176 177 -1.66666666666667e-01
176 181 -3.33333333333333e-01
176 182 -3.33333333333333e-01
176 188 -3.33333333333333e-01
176 195 -3.33333333333333e-01
176 196 -3.33333333333333e-01
176 202 -3.33333333333333e-01
176 215 -1.66666666666667e-01
176 12 -1.66666666666667e-01
176 352 -1.66666666666667e-01
177 177 5.16666666666667e+00
177 171 -3.33333333333333e-01
177 172 -3.33333333333333e-01
177 176 -1.66666666666667e-01
177 178 -1.66666666666667e-01
177 182 -3.33333333333333e-01
177 183 -3.33333333333333e-01
177 190 -3.33333333333333e-01
177 196 -3.33333333333333e-01
177 197 -3.33333333333333e-01
177 203 -3.33333333333333e-01
177 216 -1.66666666666667e-01
177 14 -1.66666666666667e-01
177 353 -1.66666666666667e-01
178 178 5.16666666666667e+00
178 172 -3.33333333333333e-01
178 173 -3.33333333333333e-01
178 177 -1.66666666666667e-01
178 179 -1.66666666666667e-01
178 183 -3.33333333333333e-01
178 184 -3.33333333333333e-01
178 192 -3.33333333333333e-01
178 197 -3.33333333333333e-01
178 198 -3.33333333333333e-01
178 204 -3.33333333333333e-01
178 217 -1.66666666666667e-01
178 16 -1.66666666666667e-01
178 354 -1.66666666666667e-01
179 179 5.66666666666667e+00
179 173 -1.66666666666667e-01
179 174 -1.00000000000000e+00
179 178 -1.66666666666667e-01
179 180 -1.00000000000000e+00
179 184 -3.33333333333333e-01
179 185 -1.66666666666667e-01
179 198 -1.66666666666667e-01
179 199 -1.00000000000000e+00
179 205 -1.66666666666667e-01
179 355 -1.66666666666667e-01
180 180 5.83333333333333e+00
180 174 -1.66666666666667e-01
180 179 -1.00000000000000e+00
180 185 -1.00000000000000e+00
180 194 -1.66666666666667e-01
180 200 -1.00000000000000e+00
180 18 -1.66666666666667e-01
181 181 5.16666666666667e+00
181 170 -1.66666666666667e-01
181 175 -3.33333333333333e-01
181 176 -3.33333333333333e-01
181 182 -1.66666666666667e-01
181 195 -3.33333333333333e-01
181 201 -3.33333333333333e-01
181 202 -3.33333333333333e-01
181 220 -1.66666666666667e-01
181 351 -3.33333333333333e-01
181 352 -3.33333333333333e-01
181 356 -1.66666666666667e-01
181 361 -3.33333333333333e-01
182 182 5.16666666666667e+00
182 171 -1.66666666666667e-01
182 176 -3.33333333333333e-01
182 177 -3.33333333333333e-01
182 181 -1.66666666666667e-01
182 183 -1.66666666666667e-01
182 196 -3.33333333333333e-01
182 202 -3.33333333333333e-01
182 203 -3.33333333333333e-01
182 221 -1.66666666666667e-01
182 352 -3.33333333333333e-01
182 353 -3.33333333333333e-01
182 357 -1.66666666666667e-01
182 362 -3.33333333333333e-01
183 183 5.16666666666667e+00
183 172 -1.66666666666667e-01
183 177 -3.33333333333333e-01
183 178 -3.33333333333333e-01
183 182 -1.66666666666667e-01
183 184 -1.66666666666667e-01
183 197 -3.33333333333333e-01
183 203 -3.33333333333333e-01
183 204 -3.33333333333333e-01
183 222 -1.66666666666667e-01
183 353 -3.33333333333333e-01
183 354 -3.33333333333333e-01
183 358 -1.66666666666667e-01
183 363 -3.33333333333333e-01
184 184 5.16666666666667e+00
184 173 -1.66666666666667e-01
184 178 -3.33333333333333e-01
184 179 -3.33333333333333e-01
184 183 -1.66666666666667e-01
184 185 -1.66666666666667e-01
184 198 -3.33333333333333e-01
184 204 -3.33333333333333e-01
184 205 -3.33333333333333e-01
184 223 -1.66666666666667e-01
184 354 -3.33333333333333e-01
184 355 -3.33333333333333e-01
184 359 -1.66666666666667e-01
184 364 -3.33333333333333e-01
185 185 5.50000000000000e+00
185 179 -1.66666666666667e-01
185 180 -1.00000000000000e+00
185 184 -1.66666666666667e-01
185 200 -1.66666666666667e-01
185 205 -3.33333333333333e-01
185 224 -1.66666666666667e-01
185 355 -3.33333333333333e-01
185 360 -1.66666666666667e-01
185 365 -3.33333333333333e-01
186 186 5.66666666666667e+00
186 170 -1.66666666666667e-01
186 175 -3.33333333333333e-01
186 187 -1.00000000000000e+00
186 195 -1.66666666666667e-01
186 201 -1.66666666666667e-01
186 206 -1.00000000000000e+00
186 214 -1.66666666666667e-01
186 10 -1.66666666666667e-01
186 29 -1.00000000000000e+00
187 187 5.83333333333333e+00
187 170 -1.00000000000000e+00
187 186 -1.00000000000000e+00
187 188 -1.00000000000000e+00
187 195 -1.00000000000000e+00
187 207 -1.00000000000000e+00
187 11 -1.66666666666667e-01
187 24 -1.66666666666667e-01
187 29 -1.66666666666667e-01
187 30 -1.66666666666667e-01
187 44 -1.66666666666667e-01
188 188 5.50000000000000e+00
188 170 -1.66666666666667e-01
188 171 -1.66666666666667e-01
188 176 -3.33333333333333e-01
188 187 -1.00000000000000e+00
188 189 -1.00000000000000e+00
188 195 -1.66666666666667e-01
188 196 -1.66666666666667e-01
188 202 -1.66666666666667e-01
188 207 -1.66666666666667e-01
188 208 -1.66666666666667e-01
188 215 -3.33333333333333e-01
188 226 -1.66666666666667e-01
188 12 -1.66666666666667e-01
188 30 -1.00000000000000e+00
188 45 -1.66666666666667e-01
189 189 5.83333333333333e+00
189 171 -1.00000000000000e+00
189 188 -1.00000000000000e+00
189 190 -1.00000000000000e+00
189 196 -1.00000000000000e+00
189 208 -1.00000000000000e+00
189 13 -1.66666666666667e-01
189 25 -1.66666666666667e-01
189 30 -1.66666666666667e-01
189 31 -1.66666666666667e-01
189 46 -1.66666666666667e-01
190 190 5.66666666666667e+00
190 171 -1.66666666666667e-01
190 172 -1.66666666666667e-01
190 177 -3.33333333333333e-01
190 189 -1.00000000000000e+00
190 191 -1.00000000000000e+00
190 196 -1.66666666666667e-01
190 197 -1.66666666666667e-01
190 203 -1.66666666666667e-01
190 209 -1.00000000000000e+00
190 216 -1.66666666666667e-01
190 14 -1.66666666666667e-01
190 31 -1.00000000000000e+00
191 191 5.83333333333333e+00
191 172 -1.00000000000000e+00
191 190 -1.00000000000000e+00
191 192 -1.00000000000000e+00
191 197 -1.00000000000000e+00
191 210 -1.00000000000000e+00
191 15 -1.66666666666667e-01
191 26 -1.66666666666667e-01
191 31 -1.66666666666667e-01
191 32 -1.66666666666667e-01
191 47 -1.66666666666667e-01
192 192 5.66666666666667e+00
192 172 -1.66666666666667e-01
192 173 -1.66666666666667e-01
192 178 -3.33333333333333e-01
192 191 -1.00000000000000e+00
192 193 -1.00000000000000e+00
192 197 -1.66666666666667e-01
192 198 -1.66666666666667e-01
192 204 -1.66666666666667e-01
192 211 -1.00000000000000e+00
192 217 -1.66666666666667e-01
192 16 -1.66666666666667e-01
192 32 -1.00000000000000e+00
193 193 5.50000000000000e+00
193 173 -1.00000000000000e+00
193 174 -1.66666666666667e-01
193 192 -1.00000000000000e+00
193 194 -1.66666666666667e-01
193 198 -1.00000000000000e+00
193 199 -1.66666666666667e-01
193 211 -1.66666666666667e-01
193 212 -3.33333333333333e-01
193 218 -1.66666666666667e-01
193 230 -1.66666666666667e-01
193 17 -1.66666666666667e-01
193 27 -1.66666666666667e-01
193 32 -1.66666666666667e-01
193 33 -3.33333333333333e-01
193 48 -3.33333333333333e-01
194 194 5.50000000000000e+00
194 174 -3.33333333333333e-01
194 180 -1.66666666666667e-01
194 193 -1.66666666666667e-01
194 199 -1.66666666666667e-01
194 200 -1.00000000000000e+00
194 212 -1.66666666666667e-01
194 213 -1.00000000000000e+00
194 18 -3.33333333333333e-01
194 28 -1.66666666666667e-01
194 33 -3.33333333333333e-01
194 49 -1.66666666666667e-01
195 195 5.16666666666667e+00
195 170 -1.66666666666667e-01
195 175 -3.33333333333333e-01
195 176 -3.33333333333333e-01
195 181 -3.33333333333333e-01
195 186 -1.66666666666667e-01
195 187 -1.00000000000000e+00
195 188 -1.66666666666667e-01
195 196 -1.66666666666667e-01
195 201 -3.33333333333333e-01
195 202 -3.33333333333333e-01
195 207 -1.66666666666667e-01
195 214 -3.33333333333333e-01
195 215 -3.33333333333333e-01
195 220 -3.33333333333333e-01
195 232 -1.66666666666667e-01
195 361 -1.66666666666667e-01
196 196 5.16666666666667e+00
196 171 -1.66666666666667e-01
196 176 -3.33333333333333e-01
196 177 -3.33333333333333e-01
196 182 -3.33333333333333e-01
196 188 -1.66666666666667e-01
196 189 -1.00000000000000e+00
196 190 -1.66666666666667e-01
196 195 -1.66666666666667e-01
196 197 -1.66666666666667e-01
196 202 -3.33333333333333e-01
196 203 -3.33333333333333e-01
196 208 -1.66666666666667e-01
196 215 -3.33333333333333e-01
196 216 -3.33333333333333e-01
196 221 -3.33333333333333e-01
196 233 -1.66666666666667e-01
196 362 -1.66666666666667e-01
197 197 5.16666666666667e+00
197 172 -1.66666666666667e-01
197 177 -3.33333333333333e-01
197 178 -3.33333333333333e-01
197 183 -3.33333333333333e-01
197 190 -1.66666666666667e-01
197 191 -1.00000000000000e+00
197 192 -1.66666666666667e-01
197 196 -1.66666666666667e-01
197 198 -1.66666666666667e-01
197 203 -3.33333333333333e-01
197 204 -3.33333333333333e-01
197 210 -1.66666666666667e-01
197 216 -3.33333333333333e-01
197 217 -3.33333333333333e-01
197 222 -3.33333333333333e-01
197 234 -1.66666666666667e-01
197 363 -1.66666666666667e-01
198 198 5.50000000000000e+00
198 173 -1.66666666666667e-01
198 178 -3.33333333333333e-01
198 179 -1.66666666666667e-01
198 184 -3.33333333333333e-01
198 192 -1.66666666666667e-01
198 193 -1.00000000000000e+00
198 197 -1.66666666666667e-01
198 199 -1.00000000000000e+00
198 204 -3.33333333333333e-01
198 205 -1.66666666666667e-01
198 217 -1.66666666666667e-01
198 218 -1.00000000000000e+00
198 223 -1.66666666666667e-01
198 364 -1.66666666666667e-01
199 199 5.83333333333333e+00
199 174 -1.66666666666667e-01
199 179 -1.00000000000000e+00
199 193 -1.66666666666667e-01
199 194 -1.66666666666667e-01
199 198 -1.00000000000000e+00
199 200 -1.00000000000000e+00
199 205 -1.00000000000000e+00
199 212 -1.66666666666667e-01
199 219 -1.00000000000000e+00
199 33 -1.66666666666667e-01
200 200 5.66666666666667e+00
200 180 -1.00000000000000e+00
200 185 -1.66666666666667e-01
200 194 -1.00000000000000e+00
200 199 -1.00000000000000e+00
200 205 -1.66666666666667e-01
200 213 -1.66666666666667e-01
200 219 -1.66666666666667e-01
200 224 -3.33333333333333e-01
200 237 -1.66666666666667e-01
200 365 -1.66666666666667e-01
201 201 5.16666666666667e+00
201 175 -3.33333333333333e-01
201 181 -3.33333333333333e-01
201 186 -1.66666666666667e-01
201 195 -3.33333333333333e-01
201 202 -1.66666666666667e-01
201 214 -3.33333333333333e-01
201 220 -3.33333333333333e-01
201 238 -1.66666666666667e-01
201 351 -3.33333333333333e-01
201 361 -3.33333333333333e-01
201 366 -1.66666666666667e-01
201 371 -3.33333333333333e-01
202 202 5.00000000000000e+00
202 176 -3.33333333333333e-01
202 181 -3.33333333333333e-01
202 182 -3.33333333333333e-01
202 188 -1.66666666666667e-01
202 195 -3.33333333333333e-01
202 196 -3.33333333333333e-01
202 201 -1.66666666666667e-01
202 203 -1.66666666666667e-01
202 215 -3.33333333333333e-01
202 220 -3.33333333333333e-01
202 221 -3.33333333333333e-01
202 239 -1.66666666666667e-01
202 352 -3.33333333333333e-01
202 361 -3.33333333333333e-01
202 362 -3.33333333333333e-01
202 367 -1.66666666666667e-01
202 372 -3.33333333333333e-01
203 203 5.00000000000000e+00
203 177 -3.33333333333333e-01
203 182 -3.33333333333333e-01
203 183 -3.33333333333333e-01
203 190 -1.66666666666667e-01
203 196 -3.33333333333333e-01
203 197 -3.33333333333333e-01
203 202 -1.66666666666667e-01
203 204 -1.66666666666667e-01
203 216 -3.33333333333333e-01
203 221 -3.33333333333333e-01
203 222 -3.33333333333333e-01
203 240 -1.66666666666667e-01
203 353 -3.33333333333333e-01
203 362 -3.33333333333333e-01
203 363 -3.33333333333333e-01
203 368 -1.66666666666667e-01
203 374 -3.33333333333333e-01
204 204 5.00000000000000e+00
204 178 -3.33333333333333e-01
204 183 -3.33333333333333e-01
204 184 -3.33333333333333e-01
204 192 -1.66666666666667e-01
204 197 -3.33333333333333e-01
204 198 -3.33333333333333e-01
204 203 -1.66666666666667e-01
204 205 -1.66666666666667e-01
204 217 -3.33333333333333e-01
204 222 -3.33333333333333e-01
204 223 -3.33333333333333e-01
204 241 -1.66666666666667e-01
204 354 -3.33333333333333e-01
204 363 -3.33333333333333e-01
204 364 -3.33333333333333e-01
204 369 -1.66666666666667e-01
204 375 -3.33333333333333e-01
205 205 5.16666666666667e+00
205 179 -1.66666666666667e-01
205 184 -3.33333333333333e-01
205 185 -3.33333333333333e-01
205 198 -1.66666666666667e-01
205 199 -1.00000000000000e+00
205 200 -1.66666666666667e-01
205 204 -1.66666666666667e-01
205 219 -1.66666666666667e-01
205 223 -3.33333333333333e-01
205 224 -3.33333333333333e-01
205 242 -1.66666666666667e-01
205 355 -3.33333333333333e-01
205 364 -3.33333333333333e-01
205 365 -3.33333333333333e-01
205 370 -1.66666666666667e-01
205 376 -3.33333333333333e-01
206 206 5.83333333333333e+00
206 186 -1.00000000000000e+00
206 207 -1.00000000000000e+00
206 214 -1.00000000000000e+00
206 225 -1.00000000000000e+00
206 29 -1.66666666666667e-01
206 39 -1.66666666666667e-01
206 44 -1.66666666666667e-01
206 60 -1.66666666666667e-01
207 207 5.50000000000000e+00
207 187 -1.00000000000000e+00
207 188 -1.66666666666667e-01
207 195 -1.66666666666667e-01
207 206 -1.00000000000000e+00
207 208 -1.66666666666667e-01
207 214 -1.66666666666667e-01
207 215 -3.33333333333333e-01
207 220 -1.66666666666667e-01
207 225 -1.66666666666667e-01
207 226 -3.33333333333333e-01
207 232 -3.33333333333333e-01
207 244 -1.66666666666667e-01
207 44 -1.00000000000000e+00
207 45 -1.66666666666667e-01
207 61 -1.66666666666667e-01
208 208 5.50000000000000e+00
208 188 -1.66666666666667e-01
208 189 -1.00000000000000e+00
208 196 -1.66666666666667e-01
208 207 -1.66666666666667e-01
208 209 -1.00000000000000e+00
208 215 -3.33333333333333e-01
208 216 -1.66666666666667e-01
208 221 -1.66666666666667e-01
208 226 -3.33333333333333e-01
208 227 -1.66666666666667e-01
208 233 -3.33333333333333e-01
208 245 -1.66666666666667e-01
208 45 -1.66666666666667e-01
208 46 -1.00000000000000e+00
208 63 -1.66666666666667e-01
209 209 5.83333333333333e+00
209 190 -1.00000000000000e+00
209 208 -1.00000000000000e+00
209 210 -1.00000000000000e+00
209 216 -1.00000000000000e+00
209 227 -1.00000000000000e+00
209 31 -1.66666666666667e-01
209 41 -1.66666666666667e-01
209 46 -1.66666666666667e-01
209 47 -1.66666666666667e-01
209 64 -1.66666666666667e-01
210 210 5.83333333333333e+00
210 191 -1.00000000000000e+00
210 197 -1.66666666666667e-01
210 209 -1.00000000000000e+00
210 211 -1.00000000000000e+00
210 216 -1.66666666666667e-01
210 217 -1.66666666666667e-01
210 222 -1.66666666666667e-01
210 228 -1.00000000000000e+00
210 234 -1.66666666666667e-01
210 47 -1.00000000000000e+00
211 211 5.66666666666667e+00
211 192 -1.00000000000000e+00
211 193 -1.66666666666667e-01
211 210 -1.00000000000000e+00
211 212 -1.66666666666667e-01
211 217 -1.00000000000000e+00
211 218 -1.66666666666667e-01
211 229 -1.00000000000000e+00
211 230 -1.66666666666667e-01
211 32 -1.66666666666667e-01
211 42 -1.66666666666667e-01
211 47 -1.66666666666667e-01
211 48 -3.33333333333333e-01
211 65 -1.66666666666667e-01
212 212 5.33333333333333e+00
212 174 -1.66666666666667e-01
212 193 -3.33333333333333e-01
212 194 -1.66666666666667e-01
212 199 -1.66666666666667e-01
212 211 -1.66666666666667e-01
212 213 -1.00000000000000e+00
212 218 -1.66666666666667e-01
212 219 -1.00000000000000e+00
212 230 -3.33333333333333e-01
212 231 -1.66666666666667e-01
212 236 -1.66666666666667e-01
212 249 -1.66666666666667e-01
212 33 -3.33333333333333e-01
212 43 -1.66666666666667e-01
212 48 -3.33333333333333e-01
212 49 -1.66666666666667e-01
212 66 -3.33333333333333e-01
213 213 5.83333333333333e+00
213 194 -1.00000000000000e+00
213 200 -1.66666666666667e-01
213 212 -1.00000000000000e+00
213 219 -1.66666666666667e-01
213 224 -1.66666666666667e-01
213 231 -1.00000000000000e+00
213 237 -1.66666666666667e-01
213 49 -1.00000000000000e+00
214 214 5.33333333333333e+00
214 175 -1.66666666666667e-01
214 186 -1.66666666666667e-01
214 195 -3.33333333333333e-01
214 201 -3.33333333333333e-01
214 206 -1.00000000000000e+00
214 207 -1.66666666666667e-01
214 215 -1.66666666666667e-01
214 220 -3.33333333333333e-01
214 225 -1.66666666666667e-01
214 232 -3.33333333333333e-01
214 238 -3.33333333333333e-01
214 251 -1.66666666666667e-01
214 371 -1.66666666666667e-01
215 215 5.00000000000000e+00
215 176 -1.66666666666667e-01
215 188 -3.33333333333333e-01
215 195 -3.33333333333333e-01
215 196 -3.33333333333333e-01
215 202 -3.33333333333333e-01
215 207 -3.33333333333333e-01
215 208 -3.33333333333333e-01
215 214 -1.66666666666667e-01
215 216 -1.66666666666667e-01
215 220 -3.33333333333333e-01
215 221 -3.33333333333333e-01
215 226 -3.33333333333333e-01
215 232 -3.33333333333333e-01
215 233 -3.33333333333333e-01
215 239 -3.33333333333333e-01
215 252 -1.66666666666667e-01
215 45 -1.66666666666667e-01
215 372 -1.66666666666667e-01
216 216 5.16666666666667e+00
216 177 -1.66666666666667e-01
216 190 -1.66666666666667e-01
216 196 -3.33333333333333e-01
216 197 -3.33333333333333e-01
216 203 -3.33333333333333e-01
216 208 -1.66666666666667e-01
216 209 -1.00000000000000e+00
216 210 -1.66666666666667e-01
216 215 -1.66666666666667e-01
216 217 -1.66666666666667e-01
216 221 -3.33333333333333e-01
216 222 -3.33333333333333e-01
216 227 -1.66666666666667e-01
216 233 -3.33333333333333e-01
216 234 -3.33333333333333e-01
216 240 -3.33333333333333e-01
216 253 -1.66666666666667e-01
216 374 -1.66666666666667e-01
217 217 5.33333333333333e+00
217 178 -1.66666666666667e-01
217 192 -1.66666666666667e-01
217 197 -3.33333333333333e-01
217 198 -1.66666666666667e-01
217 204 -3.33333333333333e-01
217 210 -1.66666666666667e-01
217 211 -1.00000000000000e+00
217 216 -1.66666666666667e-01
217 218 -1.00000000000000e+00
217 222 -3.33333333333333e-01
217 223 -1.66666666666667e-01
217 229 -1.66666666666667e-01
217 234 -3.33333333333333e-01
217 235 -1.66666666666667e-01
217 241 -3.33333333333333e-01
217 254 -1.66666666666667e-01
217 375 -1.66666666666667e-01
218 218 5.83333333333333e+00
218 193 -1.66666666666667e-01
218 198 -1.00000000000000e+00
218 211 -1.66666666666667e-01
218 212 -1.66666666666667e-01
218 217 -1.00000000000000e+00
218 219 -1.00000000000000e+00
218 223 -1.00000000000000e+00
218 230 -1.66666666666667e-01
218 235 -1.00000000000000e+00
218 48 -1.66666666666667e-01
219 219 5.66666666666667e+00
219 199 -1.00000000000000e+00
219 200 -1.66666666666667e-01
219 205 -1.66666666666667e-01
219 212 -1.00000000000000e+00
219 213 -1.66666666666667e-01
219 218 -1.00000000000000e+00
219 223 -1.66666666666667e-01
219 224 -3.33333333333333e-01
219 236 -1.00000000000000e+00
219 237 -1.66666666666667e-01
219 242 -1.66666666666667e-01
219 376 -1.66666666666667e-01
220 220 5.00000000000000e+00
220 181 -1.66666666666667e-01
220 195 -3.33333333333333e-01
220 201 -3.33333333333333e-01
220 202 -3.33333333333333e-01
220 207 -1.66666666666667e-01
220 214 -3.33333333333333e-01
220 215 -3.33333333333333e-01
220 221 -1.66666666666667e-01
220 232 -3.33333333333333e-01
220 238 -3.33333333333333e-01
220 239 -3.33333333333333e-01
220 256 -1.66666666666667e-01
220 361 -3.33333333333333e-01
220 371 -3.33333333333333e-01
220 372 -3.33333333333333e-01
220 377 -1.66666666666667e-01
220 382 -3.33333333333333e-01
221 221 5.16666666666667e+00
221 182 -1.66666666666667e-01
221 196 -3.33333333333333e-01
221 202 -3.33333333333333e-01
221 203 -3.33333333333333e-01
221 208 -1.66666666666667e-01
221 215 -3.33333333333333e-01
221 216 -3.33333333333333e-01
221 220 -1.66666666666667e-01
221 222 -1.66666666666667e-01
221 233 -3.33333333333333e-01
221 239 -3.33333333333333e-01
221 240 -3.33333333333333e-01
221 257 -1.66666666666667e-01
221 362 -1.66666666666667e-01
221 372 -1.66666666666667e-01
221 373 -1.00000000000000e+00
221 374 -1.66666666666667e-01
221 383 -1.66666666666667e-01
222 222 5.00000000000000e+00
222 183 -1.66666666666667e-01
222 197 -3.33333333333333e-01
222 203 -3.33333333333333e-01
222 204 -3.33333333333333e-01
222 210 -1.66666666666667e-01
222 216 -3.33333333333333e-01
222 217 -3.33333333333333e-01
222 221 -1.66666666666667e-01
222 223 -1.66666666666667e-01
222 234 -3.33333333333333e-01
222 240 -3.33333333333333e-01
222 241 -3.33333333333333e-01
222 258 -1.66666666666667e-01
222 363 -3.33333333333333e-01
222 374 -3.33333333333333e-01
222 375 -3.33333333333333e-01
222 379 -1.66666666666667e-01
222 384 -3.33333333333333e-01
223 223 5.16666666666667e+00
223 184 -1.66666666666667e-01
223 198 -1.66666666666667e-01
223 204 -3.33333333333333e-01
223 205 -3.33333333333333e-01
223 217 -1.66666666666667e-01
223 218 -1.00000000000000e+00
223 219 -1.66666666666667e-01
223 222 -1.66666666666667e-01
223 224 -1.66666666666667e-01
223 235 -1.66666666666667e-01
223 241 -3.33333333333333e-01
223 242 -3.33333333333333e-01
223 259 -1.66666666666667e-01
223 364 -3.33333333333333e-01
223 375 -3.33333333333333e-01
223 376 -3.33333333333333e-01
223 380 -1.66666666666667e-01
223 385 -3.33333333333333e-01
224 224 5.16666666666667e+00
224 185 -1.66666666666667e-01
224 200 -3.33333333333333e-01
224 205 -3.33333333333333e-01
224 213 -1.66666666666667e-01
224 219 -3.33333333333333e-01
224 223 -1.66666666666667e-01
224 237 -3.33333333333333e-01
224 242 -3.33333333333333e-01
224 260 -1.66666666666667e-01
224 365 -3.33333333333333e-01
224 376 -3.33333333333333e-01
224 381 -1.66666666666667e-01
224 386 -3.33333333333333e-01
225 225 5.66666666666667e+00
225 206 -1.00000000000000e+00
225 207 -1.66666666666667e-01
225 214 -1.66666666666667e-01
225 226 -1.66666666666667e-01
225 232 -3.33333333333333e-01
225 238 -1.66666666666667e-01
225 243 -1.00000000000000e+00
225 244 -1.66666666666667e-01
225 251 -1.66666666666667e-01
225 60 -1.00000000000000e+00
225 61 -1.66666666666667e-01
226 226 5.16666666666667e+00
226 188 -1.66666666666667e-01
226 207 -3.33333333333333e-01
226 208 -3.33333333333333e-01
226 215 -3.33333333333333e-01
226 225 -1.66666666666667e-01
226 227 -1.66666666666667e-01
226 232 -3.33333333333333e-01
226 233 -3.33333333333333e-01
226 239 -1.66666666666667e-01
226 244 -3.33333333333333e-01
226 245 -3.33333333333333e-01
226 252 -3.33333333333333e-01
226 262 -1.66666666666667e-01
226 45 -1.66666666666667e-01
226 61 -1.66666666666667e-01
226 62 -1.00000000000000e+00
226 63 -1.66666666666667e-01
226 78 -1.66666666666667e-01
227 227 5.66666666666667e+00
227 208 -1.66666666666667e-01
227 209 -1.00000000000000e+00
227 216 -1.66666666666667e-01
227 226 -1.66666666666667e-01
227 228 -1.00000000000000e+00
227 233 -3.33333333333333e-01
227 234 -1.66666666666667e-01
227 240 -1.66666666666667e-01
227 245 -1.66666666666667e-01
227 246 -1.00000000000000e+00
227 253 -1.66666666666667e-01
227 63 -1.66666666666667e-01
227 64 -1.00000000000000e+00
228 228 5.83333333333333e+00
228 210 -1.00000000000000e+00
228 227 -1.00000000000000e+00
228 229 -1.00000000000000e+00
228 234 -1.00000000000000e+00
228 247 -1.00000000000000e+00
228 47 -1.66666666666667e-01
228 57 -1.66666666666667e-01
228 64 -1.66666666666667e-01
228 65 -1.66666666666667e-01
228 80 -1.66666666666667e-01
229 229 5.66666666666667e+00
229 211 -1.00000000000000e+00
229 217 -1.66666666666667e-01
229 228 -1.00000000000000e+00
229 230 -1.00000000000000e+00
229 234 -1.66666666666667e-01
229 235 -1.66666666666667e-01
229 241 -1.66666666666667e-01
229 247 -1.66666666666667e-01
229 248 -1.66666666666667e-01
229 254 -3.33333333333333e-01
229 265 -1.66666666666667e-01
229 65 -1.00000000000000e+00
229 81 -1.66666666666667e-01
230 230 5.50000000000000e+00
230 193 -1.66666666666667e-01
230 211 -1.66666666666667e-01
230 212 -3.33333333333333e-01
230 218 -1.66666666666667e-01
230 229 -1.00000000000000e+00
230 231 -1.66666666666667e-01
230 235 -1.00000000000000e+00
230 236 -1.66666666666667e-01
230 248 -1.00000000000000e+00
230 249 -1.66666666666667e-01
230 48 -3.33333333333333e-01
230 58 -1.66666666666667e-01
230 65 -1.66666666666667e-01
230 66 -3.33333333333333e-01
230 82 -1.66666666666667e-01
231 231 5.66666666666667e+00
231 212 -1.66666666666667e-01
231 213 -1.00000000000000e+00
231 230 -1.66666666666667e-01
231 236 -1.66666666666667e-01
231 237 -1.00000000000000e+00
231 249 -1.66666666666667e-01
231 250 -1.00000000000000e+00
231 49 -1.66666666666667e-01
231 59 -1.66666666666667e-01
231 66 -3.33333333333333e-01
231 83 -1.66666666666667e-01
232 232 5.00000000000000e+00
232 195 -1.66666666666667e-01
232 207 -3.33333333333333e-01
232 214 -3.33333333333333e-01
232 215 -3.33333333333333e-01
232 220 -3.33333333333333e-01
232 225 -3.33333333333333e-01
232 226 -3.33333333333333e-01
232 233 -1.66666666666667e-01
232 238 -3.33333333333333e-01
232 239 -3.33333333333333e-01
232 244 -3.33333333333333e-01
232 251 -3.33333333333333e-01
232 252 -3.33333333333333e-01
232 256 -3.33333333333333e-01
232 269 -1.66666666666667e-01
232 61 -1.66666666666667e-01
232 382 -1.66666666666667e-01
233 233 5.00000000000000e+00
233 196 -1.66666666666667e-01
233 208 -3.33333333333333e-01
233 215 -3.33333333333333e-01
233 216 -3.33333333333333e-01
233 221 -3.33333333333333e-01
233 226 -3.33333333333333e-01
233 227 -3.33333333333333e-01
233 232 -1.66666666666667e-01
233 234 -1.66666666666667e-01
233 239 -3.33333333333333e-01
233 240 -3.33333333333333e-01
233 245 -3.33333333333333e-01
233 252 -3.33333333333333e-01
233 253 -3.33333333333333e-01
233 257 -3.33333333333333e-01
233 270 -1.66666666666667e-01
233 63 -1.66666666666667e-01
233 383 -1.66666666666667e-01
234 234 5.16666666666667e+00
234 197 -1.66666666666667e-01
234 210 -1.66666666666667e-01
234 216 -3.33333333333333e-01
234 217 -3.33333333333333e-01
234 222 -3.33333333333333e-01
234 227 -1.66666666666667e-01
234 228 -1.00000000000000e+00
234 229 -1.66666666666667e-01
234 233 -1.66666666666667e-01
234 235 -1.66666666666667e-01
234 240 -3.33333333333333e-01
234 241 -3.33333333333333e-01
234 247 -1.66666666666667e-01
234 253 -3.33333333333333e-01
234 254 -3.33333333333333e-01
234 258 -3.33333333333333e-01
234 271 -1.66666666666667e-01
234 384 -1.66666666666667e-01
235 235 5.50000000000000e+00
235 217 -1.66666666666667e-01
235 218 -1.00000000000000e+00
235 223 -1.66666666666667e-01
235 229 -1.66666666666667e-01
235 230 -1.00000000000000e+00
235 234 -1.66666666666667e-01
235 236 -1.00000000000000e+00
235 241 -3.33333333333333e-01
235 242 -1.66666666666667e-01
235 248 -1.66666666666667e-01
235 254 -3.33333333333333e-01
235 255 -1.66666666666667e-01
235 259 -3.33333333333333e-01
235 272 -1.66666666666667e-01
235 385 -1.66666666666667e-01
236 236 5.83333333333333e+00
236 212 -1.66666666666667e-01
236 219 -1.00000000000000e+00
236 230 -1.66666666666667e-01
236 231 -1.66666666666667e-01
236 235 -1.00000000000000e+00
236 237 -1.00000000000000e+00
236 242 -1.00000000000000e+00
236 249 -1.66666666666667e-01
236 255 -1.00000000000000e+00
236 66 -1.66666666666667e-01
237 237 5.50000000000000e+00
237 200 -1.66666666666667e-01
237 213 -1.66666666666667e-01
237 219 -1.66666666666667e-01
237 224 -3.33333333333333e-01
237 231 -1.00000000000000e+00
237 236 -1.00000000000000e+00
237 242 -1.66666666666667e-01
237 250 -1.66666666666667e-01
237 255 -1.66666666666667e-01
237 260 -3.33333333333333e-01
237 273 -1.66666666666667e-01
237 386 -1.66666666666667e-01
238 238 5.16666666666667e+00
238 201 -1.66666666666667e-01
238 214 -3.33333333333333e-01
238 220 -3.33333333333333e-01
238 225 -1.66666666666667e-01
238 232 -3.33333333333333e-01
238 239 -1.66666666666667e-01
238 251 -3.33333333333333e-01
238 256 -3.33333333333333e-01
238 274 -1.66666666666667e-01
238 371 -3.33333333333333e-01
238 382 -3.33333333333333e-01
238 387 -1.66666666666667e-01
238 392 -3.33333333333333e-01
239 239 5.00000000000000e+00
239 202 -1.66666666666667e-01
239 215 -3.33333333333333e-01
239 220 -3.33333333333333e-01
239 221 -3.33333333333333e-01
239 226 -1.66666666666667e-01
239 232 -3.33333333333333e-01
239 233 -3.33333333333333e-01
239 238 -1.66666666666667e-01
239 240 -1.66666666666667e-01
239 252 -3.33333333333333e-01
239 256 -3.33333333333333e-01
239 257 -3.33333333333333e-01
239 275 -1.66666666666667e-01
239 372 -3.33333333333333e-01
239 382 -3.33333333333333e-01
239 383 -3.33333333333333e-01
239 388 -1.66666666666667e-01
239 393 -3.33333333333333e-01
240 240 5.00000000000000e+00
240 203 -1.66666666666667e-01
240 216 -3.33333333333333e-01
240 221 -3.33333333333333e-01
240 222 -3.33333333333333e-01
240 227 -1.66666666666667e-01
240 233 -3.33333333333333e-01
240 234 -3.33333333333333e-01
240 239 -1.66666666666667e-01
240 241 -1.66666666666667e-01
240 253 -3.33333333333333e-01
240 257 -3.33333333333333e-01
240 258 -3.33333333333333e-01
240 276 -1.66666666666667e-01
240 374 -3.33333333333333e-01
240 383 -3.33333333333333e-01
240 384 -3.33333333333333e-01
240 389 -1.66666666666667e-01
240 394 -3.33333333333333e-01
241 241 5.00000000000000e+00
241 204 -1.66666666666667e-01
241 217 -3.33333333333333e-01
241 222 -3.33333333333333e-01
241 223 -3.33333333333333e-01
241 229 -1.66666666666667e-01
241 234 -3.33333333333333e-01
241 235 -3.33333333333333e-01
241 240 -1.66666666666667e-01
241 242 -1.66666666666667e-01
241 254 -3.33333333333333e-01
241 258 -3.33333333333333e-01
241 259 -3.33333333333333e-01
241 277 -1.66666666666667e-01
241 375 -3.33333333333333e-01
241 384 -3.33333333333333e-01
241 385 -3.33333333333333e-01
241 390 -1.66666666666667e-01
241 395 -3.33333333333333e-01
242 242 5.16666666666667e+00
242 205 -1.66666666666667e-01
242 219 -1.66666666666667e-01
242 223 -3.33333333333333e-01
242 224 -3.33333333333333e-01
242 235 -1.66666666666667e-01
242 236 -1.00000000000000e+00
242 237 -1.66666666666667e-01
242 241 -1.66666666666667e-01
242 255 -1.66666666666667e-01
242 259 -3.33333333333333e-01
242 260 -3.33333333333333e-01
242 278 -1.66666666666667e-01
242 376 -3.33333333333333e-01
242 385 -3.33333333333333e-01
242 386 -3.33333333333333e-01
242 391 -1.66666666666667e-01
242 396 -3.33333333333333e-01
243 243 5.83333333333333e+00
243 225 -1.00000000000000e+00
243 244 -1.00000000000000e+00
243 251 -1.00000000000000e+00
243 261 -1.00000000000000e+00
243 60 -1.66666666666667e-01
243 72 -1.66666666666667e-01
243 77 -1.66666666666667e-01
243 94 -1.66666666666667e-01
244 244 5.33333333333333e+00
244 207 -1.66666666666667e-01
244 225 -1.66666666666667e-01
244 226 -3.33333333333333e-01
244 232 -3.33333333333333e-01
244 243 -1.00000000000000e+00
244 245 -1.66666666666667e-01
244 251 -1.66666666666667e-01
244 252 -3.33333333333333e-01
244 256 -1.66666666666667e-01
244 261 -1.66666666666667e-01
244 262 -3.33333333333333e-01
244 269 -3.33333333333333e-01
244 279 -1.66666666666667e-01
244 61 -1.66666666666667e-01
244 77 -1.00000000000000e+00
244 78 -1.66666666666667e-01
244 95 -1.66666666666667e-01
245 245 5.50000000000000e+00
245 208 -1.66666666666667e-01
245 226 -3.33333333333333e-01
245 227 -1.66666666666667e-01
245 233 -3.33333333333333e-01
245 244 -1.66666666666667e-01
245 246 -1.00000000000000e+00
245 252 -3.33333333333333e-01
245 253 -1.66666666666667e-01
245 257 -1.66666666666667e-01
245 262 -1.66666666666667e-01
245 263 -1.00000000000000e+00
245 270 -1.66666666666667e-01
245 63 -1.66666666666667e-01
245 78 -1.66666666666667e-01
245 79 -1.00000000000000e+00
246 246 5.83333333333333e+00
246 227 -1.00000000000000e+00
246 245 -1.00000000000000e+00
246 247 -1.00000000000000e+00
246 253 -1.00000000000000e+00
246 264 -1.00000000000000e+00
246 64 -1.66666666666667e-01
246 74 -1.66666666666667e-01
246 79 -1.66666666666667e-01
246 80 -1.66666666666667e-01
246 97 -1.66666666666667e-01
247 247 5.50000000000000e+00
247 228 -1.00000000000000e+00
247 229 -1.66666666666667e-01
247 234 -1.66666666666667e-01
247 246 -1.00000000000000e+00
247 248 -1.66666666666667e-01
247 253 -1.66666666666667e-01
247 254 -3.33333333333333e-01
247 258 -1.66666666666667e-01
247 264 -1.66666666666667e-01
247 265 -3.33333333333333e-01
247 271 -3.33333333333333e-01
247 283 -1.66666666666667e-01
247 80 -1.00000000000000e+00
247 81 -1.66666666666667e-01
247 98 -1.66666666666667e-01
248 248 5.66666666666667e+00
248 229 -1.66666666666667e-01
248 230 -1.00000000000000e+00
248 235 -1.66666666666667e-01
248 247 -1.66666666666667e-01
248 249 -1.00000000000000e+00
248 254 -3.33333333333333e-01
248 255 -1.66666666666667e-01
248 259 -1.66666666666667e-01
248 265 -1.66666666666667e-01
248 266 -1.00000000000000e+00
248 272 -1.66666666666667e-01
248 81 -1.66666666666667e-01
248 82 -1.00000000000000e+00
249 249 5.66666666666667e+00
249 212 -1.66666666666667e-01
249 230 -1.66666666666667e-01
249 231 -1.66666666666667e-01
249 236 -1.66666666666667e-01
249 248 -1.00000000000000e+00
249 250 -1.00000000000000e+00
249 255 -1.00000000000000e+00
249 267 -1.00000000000000e+00
249 66 -3.33333333333333e-01
249 76 -1.66666666666667e-01
249 82 -1.66666666666667e-01
249 83 -1.66666666666667e-01
249 100 -1.66666666666667e-01
250 250 5.83333333333333e+00
250 231 -1.00000000000000e+00
250 237 -1.66666666666667e-01
250 249 -1.00000000000000e+00
250 255 -1.66666666666667e-01
250 260 -1.66666666666667e-01
250 268 -1.00000000000000e+00
250 273 -1.66666666666667e-01
250 83 -1.00000000000000e+00
251 251 5.33333333333333e+00
251 214 -1.66666666666667e-01
251 225 -1.66666666666667e-01
251 232 -3.33333333333333e-01
251 238 -3.33333333333333e-01
251 243 -1.00000000000000e+00
251 244 -1.66666666666667e-01
251 252 -1.66666666666667e-01
251 256 -3.33333333333333e-01
251 261 -1.66666666666667e-01
251 269 -3.33333333333333e-01
251 274 -3.33333333333333e-01
251 288 -1.66666666666667e-01
251 392 -1.66666666666667e-01
252 252 5.00000000000000e+00
252 215 -1.66666666666667e-01
252 226 -3.33333333333333e-01
252 232 -3.33333333333333e-01
252 233 -3.33333333333333e-01
252 239 -3.33333333333333e-01
252 244 -3.33333333333333e-01
252 245 -3.33333333333333e-01
252 251 -1.66666666666667e-01
252 253 -1.66666666666667e-01
252 256 -3.33333333333333e-01
252 257 -3.33333333333333e-01
252 262 -3.33333333333333e-01
252 269 -3.33333333333333e-01
252 270 -3.33333333333333e-01
252 275 -3.33333333333333e-01
252 289 -1.66666666666667e-01
252 78 -1.66666666666667e-01
252 393 -1.66666666666667e-01
253 253 5.16666666666667e+00
253 216 -1.66666666666667e-01
253 227 -1.66666666666667e-01
253 233 -3.33333333333333e-01
253 234 -3.33333333333333e-01
253 240 -3.33333333333333e-01
253 245 -1.66666666666667e-01
253 246 -1.00000000000000e+00
253 247 -1.66666666666667e-01
253 252 -1.66666666666667e-01
253 254 -1.66666666666667e-01
253 257 -3.33333333333333e-01
253 258 -3.33333333333333e-01
253 264 -1.66666666666667e-01
253 270 -3.33333333333333e-01
253 271 -3.33333333333333e-01
253 276 -3.33333333333333e-01
253 290 -1.66666666666667e-01
253 394 -1.66666666666667e-01
254 254 5.00000000000000e+00
254 217 -1.66666666666667e-01
254 229 -3.33333333333333e-01
254 234 -3.33333333333333e-01
254 235 -3.33333333333333e-01
254 241 -3.33333333333333e-01
254 247 -3.33333333333333e-01
254 248 -3.33333333333333e-01
254 253 -1.66666666666667e-01
254 255 -1.66666666666667e-01
254 258 -3.33333333333333e-01
254 259 -3.33333333333333e-01
254 265 -3.33333333333333e-01
254 271 -3.33333333333333e-01
254 272 -3.33333333333333e-01
254 277 -3.33333333333333e-01
254 291 -1.66666666666667e-01
254 81 -1.66666666666667e-01
254 395 -1.66666666666667e-01
255 255 5.33333333333333e+00
255 235 -1.66666666666667e-01
255 236 -1.00000000000000e+00
255 237 -1.66666666666667e-01
255 242 -1.66666666666667e-01
255 248 -1.66666666666667e-01
255 249 -1.00000000000000e+00
255 250 -1.66666666666667e-01
255 254 -1.66666666666667e-01
255 259 -3.33333333333333e-01
255 260 -3.33333333333333e-01
255 267 -1.66666666666667e-01
255 272 -3.33333333333333e-01
255 273 -3.33333333333333e-01
255 278 -3.33333333333333e-01
255 292 -1.66666666666667e-01
255 396 -1.66666666666667e-01
256 256 5.00000000000000e+00
256 220 -1.66666666666667e-01
256 232 -3.33333333333333e-01
256 238 -3.33333333333333e-01
256 239 -3.33333333333333e-01
256 244 -1.66666666666667e-01
256 251 -3.33333333333333e-01
256 252 -3.33333333333333e-01
256 257 -1.66666666666667e-01
256 269 -3.33333333333333e-01
256 274 -3.33333333333333e-01
256 275 -3.33333333333333e-01
256 293 -1.66666666666667e-01
256 382 -3.33333333333333e-01
256 392 -3.33333333333333e-01
256 393 -3.33333333333333e-01
256 397 -1.66666666666667e-01
256 402 -3.33333333333333e-01
257 257 5.00000000000000e+00
257 221 -1.66666666666667e-01
257 233 -3.33333333333333e-01
257 239 -3.33333333333333e-01
257 240 -3.33333333333333e-01
257 245 -1.66666666666667e-01
257 252 -3.33333333333333e-01
257 253 -3.33333333333333e-01
257 256 -1.66666666666667e-01
257 258 -1.66666666666667e-01
257 270 -3.33333333333333e-01
257 275 -3.33333333333333e-01
257 276 -3.33333333333333e-01
257 294 -1.66666666666667e-01
257 383 -3.33333333333333e-01
257 393 -3.33333333333333e-01
257 394 -3.33333333333333e-01
257 398 -1.66666666666667e-01
257 403 -3.33333333333333e-01
258 258 5.00000000000000e+00
258 222 -1.66666666666667e-01
258 234 -3.33333333333333e-01
258 240 -3.33333333333333e-01
258 241 -3.33333333333333e-01
258 247 -1.66666666666667e-01
258 253 -3.33333333333333e-01
258 254 -3.33333333333333e-01
258 257 -1.66666666666667e-01
258 259 -1.66666666666667e-01
258 271 -3.33333333333333e-01
258 276 -3.33333333333333e-01
258 277 -3.33333333333333e-01
258 295 -1.66666666666667e-01
258 384 -3.33333333333333e-01
258 394 -3.33333333333333e-01
258 395 -3.33333333333333e-01
258 399 -1.66666666666667e-01
258 404 -3.33333333333333e-01
259 259 5.00000000000000e+00
259 223 -1.66666666666667e-01
259 235 -3.33333333333333e-01
259 241 -3.33333333333333e-01
259 242 -3.33333333333333e-01
259 248 -1.66666666666667e-01
259 254 -3.33333333333333e-01
259 255 -3.33333333333333e-01
259 258 -1.66666666666667e-01
259 260 -1.66666666666667e-01
259 272 -3.33333333333333e-01
259 277 -3.33333333333333e-01
259 278 -3.33333333333333e-01
259 296 -1.66666666666667e-01
259 385 -3.33333333333333e-01
259 395 -3.33333333333333e-01
259 396 -3.33333333333333e-01
259 400 -1.66666666666667e-01
259 405 -3.33333333333333e-01
260 260 5.16666666666667e+00
260 224 -1.66666666666667e-01
260 237 -3.33333333333333e-01
260 242 -3.33333333333333e-01
260 250 -1.66666666666667e-01
260 255 -3.33333333333333e-01
260 259 -1.66666666666667e-01
260 273 -3.33333333333333e-01
260 278 -3.33333333333333e-01
260 297 -1.66666666666667e-01
260 386 -3.33333333333333e-01
260 396 -3.33333333333333e-01
260 401 -1.66666666666667e-01
260 406 -3.33333333333333e-01
261 261 5.50000000000000e+00
261 243 -1.00000000000000e+00
261 244 -1.66666666666667e-01
261 251 -1.66666666666667e-01
261 262 -1.66666666666667e-01
261 269 -3.33333333333333e-01
261 274 -1.66666666666667e-01
261 279 -3.33333333333333e-01
261 288 -3.33333333333333e-01
261 298 -1.66666666666667e-01
261 94 -1.00000000000000e+00
261 95 -1.66666666666667e-01
261 111 -1.66666666666667e-01
262 262 5.50000000000000e+00
262 226 -1.66666666666667e-01
262 244 -3.33333333333333e-01
262 245 -1.66666666666667e-01
262 252 -3.33333333333333e-01
262 261 -1.66666666666667e-01
262 263 -1.00000000000000e+00
262 269 -3.33333333333333e-01
262 270 -1.66666666666667e-01
262 275 -1.66666666666667e-01
262 279 -1.66666666666667e-01
262 280 -1.00000000000000e+00
262 289 -1.66666666666667e-01
262 78 -1.66666666666667e-01
262 95 -1.66666666666667e-01
262 96 -1.00000000000000e+00
263 263 5.83333333333333e+00
263 245 -1.00000000000000e+00
263 262 -1.00000000000000e+00
263 264 -1.00000000000000e+00
263 270 -1.00000000000000e+00
263 281 -1.00000000000000e+00
263 79 -1.66666666666667e-01
263 90 -1.66666666666667e-01
263 96 -1.66666666666667e-01
263 97 -1.66666666666667e-01
263 113 -1.66666666666667e-01
264 264 5.66666666666667e+00
264 246 -1.00000000000000e+00
264 247 -1.66666666666667e-01
264 253 -1.66666666666667e-01
264 263 -1.00000000000000e+00
264 265 -1.66666666666667e-01
264 270 -1.66666666666667e-01
264 271 -3.33333333333333e-01
264 276 -1.66666666666667e-01
264 282 -1.00000000000000e+00
264 283 -1.66666666666667e-01
264 290 -1.66666666666667e-01
264 97 -1.00000000000000e+00
264 98 -1.66666666666667e-01
265 265 5.50000000000000e+00
265 229 -1.66666666666667e-01
265 247 -3.33333333333333e-01
265 248 -1.66666666666667e-01
265 254 -3.33333333333333e-01
265 264 -1.66666666666667e-01
265 266 -1.00000000000000e+00
265 271 -3.33333333333333e-01
265 272 -1.66666666666667e-01
265 277 -1.66666666666667e-01
265 283 -1.66666666666667e-01
265 284 -1.00000000000000e+00
265 291 -1.66666666666667e-01
265 81 -1.66666666666667e-01
265 98 -1.66666666666667e-01
265 99 -1.00000000000000e+00
266 266 5.83333333333333e+00
266 248 -1.00000000000000e+00
266 265 -1.00000000000000e+00
266 267 -1.00000000000000e+00
266 272 -1.00000000000000e+00
266 285 -1.00000000000000e+00
266 82 -1.66666666666667e-01
266 92 -1.66666666666667e-01
266 99 -1.66666666666667e-01
266 100 -1.66666666666667e-01
266 115 -1.66666666666667e-01
267 267 5.83333333333333e+00
267 249 -1.00000000000000e+00
267 255 -1.66666666666667e-01
267 266 -1.00000000000000e+00
267 268 -1.00000000000000e+00
267 272 -1.66666666666667e-01
267 273 -1.66666666666667e-01
267 278 -1.66666666666667e-01
267 286 -1.00000000000000e+00
267 292 -1.66666666666667e-01
267 100 -1.00000000000000e+00
268 268 5.83333333333333e+00
268 250 -1.00000000000000e+00
268 267 -1.00000000000000e+00
268 273 -1.00000000000000e+00
268 287 -1.00000000000000e+00
268 83 -1.66666666666667e-01
268 93 -1.66666666666667e-01
268 100 -1.66666666666667e-01
268 116 -1.66666666666667e-01
269 269 5.00000000000000e+00
269 232 -1.66666666666667e-01
269 244 -3.33333333333333e-01
269 251 -3.33333333333333e-01
269 252 -3.33333333333333e-01
269 256 -3.33333333333333e-01
269 261 -3.33333333333333e-01
269 262 -3.33333333333333e-01
269 270 -1.66666666666667e-01
269 274 -3.33333333333333e-01
269 275 -3.33333333333333e-01
269 279 -3.33333333333333e-01
269 288 -3.33333333333333e-01
269 289 -3.33333333333333e-01
269 293 -3.33333333333333e-01
269 304 -1.66666666666667e-01
269 95 -1.66666666666667e-01
269 402 -1.66666666666667e-01
270 270 5.16666666666667e+00
270 233 -1.66666666666667e-01
270 245 -1.66666666666667e-01
270 252 -3.33333333333333e-01
270 253 -3.33333333333333e-01
270 257 -3.33333333333333e-01
270 262 -1.66666666666667e-01
270 263 -1.00000000000000e+00
270 264 -1.66666666666667e-01
270 269 -1.66666666666667e-01
270 271 -1.66666666666667e-01
270 275 -3.33333333333333e-01
270 276 -3.33333333333333e-01
270 281 -1.66666666666667e-01
270 289 -3.33333333333333e-01
270 290 -3.33333333333333e-01
270 294 -3.33333333333333e-01
270 305 -1.66666666666667e-01
270 403 -1.66666666666667e-01
271 271 5.00000000000000e+00
271 234 -1.66666666666667e-01
271 247 -3.33333333333333e-01
271 253 -3.33333333333333e-01
271 254 -3.33333333333333e-01
271 258 -3.33333333333333e-01
271 264 -3.33333333333333e-01
271 265 -3.33333333333333e-01
271 270 -1.66666666666667e-01
271 272 -1.66666666666667e-01
271 276 -3.33333333333333e-01
271 277 -3.33333333333333e-01
271 283 -3.33333333333333e-01
271 290 -3.33333333333333e-01
271 291 -3.33333333333333e-01
271 295 -3.33333333333333e-01
271 306 -1.66666666666667e-01
271 98 -1.66666666666667e-01
271 404 -1.66666666666667e-01
272 272 5.16666666666667e+00
272 235 -1.66666666666667e-01
272 248 -1.66666666666667e-01
272 254 -3.33333333333333e-01
272 255 -3.33333333333333e-01
272 259 -3.33333333333333e-01
272 265 -1.66666666666667e-01
272 266 -1.00000000000000e+00
272 267 -1.66666666666667e-01
272 271 -1.66666666666667e-01
272 273 -1.66666666666667e-01
272 277 -3.33333333333333e-01
272 278 -3.33333333333333e-01
272 285 -1.66666666666667e-01
272 291 -3.33333333333333e-01
272 292 -3.33333333333333e-01
272 296 -3.33333333333333e-01
272 307 -1.66666666666667e-01
272 405 -1.66666666666667e-01
273 273 5.33333333333333e+00
273 237 -1.66666666666667e-01
273 250 -1.66666666666667e-01
273 255 -3.33333333333333e-01
273 260 -3.33333333333333e-01
273 267 -1.66666666666667e-01
273 268 -1.00000000000000e+00
273 272 -1.66666666666667e-01
273 278 -3.33333333333333e-01
273 287 -1.66666666666667e-01
273 292 -3.33333333333333e-01
273 297 -3.33333333333333e-01
273 308 -1.66666666666667e-01
273 406 -1.66666666666667e-01
274 274 5.16666666666667e+00
274 238 -1.66666666666667e-01
274 251 -3.33333333333333e-01
274 256 -3.33333333333333e-01
274 261 -1.66666666666667e-01
274 269 -3.33333333333333e-01
274 275 -1.66666666666667e-01
274 288 -3.33333333333333e-01
274 293 -3.33333333333333e-01
274 309 -1.66666666666667e-01
274 392 -3.33333333333333e-01
274 402 -3.33333333333333e-01
274 407 -1.66666666666667e-01
274 413 -3.33333333333333e-01
275 275 5.00000000000000e+00
275 239 -1.66666666666667e-01
275 252 -3.33333333333333e-01
275 256 -3.33333333333333e-01
275 257 -3.33333333333333e-01
275 262 -1.66666666666667e-01
275 269 -3.33333333333333e-01
275 270 -3.33333333333333e-01
275 274 -1.66666666666667e-01
275 276 -1.66666666666667e-01
275 289 -3.33333333333333e-01
275 293 -3.33333333333333e-01
275 294 -3.33333333333333e-01
275 311 -1.66666666666667e-01
275 393 -3.33333333333333e-01
275 402 -3.33333333333333e-01
275 403 -3.33333333333333e-01
275 408 -1.66666666666667e-01
275 415 -3.33333333333333e-01
276 276 5.00000000000000e+00
276 240 -1.66666666666667e-01
276 253 -3.33333333333333e-01
276 257 -3.33333333333333e-01
276 258 -3.33333333333333e-01
276 264 -1.66666666666667e-01
276 270 -3.33333333333333e-01
276 271 -3.33333333333333e-01
276 275 -1.66666666666667e-01
276 277 -1.66666666666667e-01
276 290 -3.33333333333333e-01
276 294 -3.33333333333333e-01
276 295 -3.33333333333333e-01
276 312 -1.66666666666667e-01
276 394 -3.33333333333333e-01
276 403 -3.33333333333333e-01
276 404 -3.33333333333333e-01
276 409 -1.66666666666667e-01
276 417 -3.33333333333333e-01
277 277 5.00000000000000e+00
277 241 -1.66666666666667e-01
277 254 -3.33333333333333e-01
277 258 -3.33333333333333e-01
277 259 -3.33333333333333e-01
277 265 -1.66666666666667e-01
277 271 -3.33333333333333e-01
277 272 -3.33333333333333e-01
277 276 -1.66666666666667e-01
277 278 -1.66666666666667e-01
277 291 -3.33333333333333e-01
277 295 -3.33333333333333e-01
277 296 -3.33333333333333e-01
277 313 -1.66666666666667e-01
277 395 -3.33333333333333e-01
277 404 -3.33333333333333e-01
277 405 -3.33333333333333e-01
277 411 -1.66666666666667e-01
277 419 -3.33333333333333e-01
278 278 5.00000000000000e+00
278 242 -1.66666666666667e-01
278 255 -3.33333333333333e-01
278 259 -3.33333333333333e-01
278 260 -3.33333333333333e-01
278 267 -1.66666666666667e-01
278 272 -3.33333333333333e-01
278 273 -3.33333333333333e-01
278 277 -1.66666666666667e-01
278 292 -3.33333333333333e-01
278 296 -3.33333333333333e-01
278 297 -3.33333333333333e-01
278 314 -1.66666666666667e-01
278 396 -3.33333333333333e-01
278 405 -3.33333333333333e-01
278 406 -3.33333333333333e-01
278 412 -1.66666666666667e-01
278 420 -3.33333333333333e-01
279 279 5.33333333333333e+00
279 244 -1.66666666666667e-01
279 261 -3.33333333333333e-01
279 262 -1.66666666666667e-01
279 269 -3.33333333333333e-01
279 280 -1.00000000000000e+00
279 288 -3.33333333333333e-01
279 289 -1.66666666666667e-01
279 293 -1.66666666666667e-01
279 298 -3.33333333333333e-01
279 299 -1.66666666666667e-01
279 304 -3.33333333333333e-01
279 315 -1.66666666666667e-01
279 95 -1.66666666666667e-01
279 111 -1.66666666666667e-01
279 112 -1.00000000000000e+00
279 128 -1.66666666666667e-01
280 280 5.83333333333333e+00
280 262 -1.00000000000000e+00
280 279 -1.00000000000000e+00
280 281 -1.00000000000000e+00
280 289 -1.00000000000000e+00
280 299 -1.00000000000000e+00
280 96 -1.66666666666667e-01
280 107 -1.66666666666667e-01
280 112 -1.66666666666667e-01
280 113 -1.66666666666667e-01
280 129 -1.66666666666667e-01
281 281 5.66666666666667e+00
281 263 -1.00000000000000e+00
281 270 -1.66666666666667e-01
281 280 -1.00000000000000e+00
281 282 -1.00000000000000e+00
281 289 -1.66666666666667e-01
281 290 -1.66666666666667e-01
281 294 -1.66666666666667e-01
281 299 -1.66666666666667e-01
281 300 -1.66666666666667e-01
281 305 -3.33333333333333e-01
281 317 -1.66666666666667e-01
281 113 -1.00000000000000e+00
281 130 -1.66666666666667e-01
282 282 5.83333333333333e+00
282 264 -1.00000000000000e+00
282 281 -1.00000000000000e+00
282 283 -1.00000000000000e+00
282 290 -1.00000000000000e+00
282 300 -1.00000000000000e+00
282 97 -1.66666666666667e-01
282 108 -1.66666666666667e-01
282 113 -1.66666666666667e-01
282 114 -1.66666666666667e-01
282 131 -1.66666666666667e-01
283 283 5.50000000000000e+00
283 247 -1.66666666666667e-01
283 264 -1.66666666666667e-01
283 265 -1.66666666666667e-01
283 271 -3.33333333333333e-01
283 282 -1.00000000000000e+00
283 284 -1.00000000000000e+00
283 290 -1.66666666666667e-01
283 291 -1.66666666666667e-01
283 295 -1.66666666666667e-01
283 300 -1.66666666666667e-01
283 301 -1.66666666666667e-01
283 306 -3.33333333333333e-01
283 318 -1.66666666666667e-01
283 98 -1.66666666666667e-01
283 114 -1.00000000000000e+00
283 132 -1.66666666666667e-01
284 284 5.83333333333333e+00
284 265 -1.00000000000000e+00
284 283 -1.00000000000000e+00
284 285 -1.00000000000000e+00
284 291 -1.00000000000000e+00
284 301 -1.00000000000000e+00
284 99 -1.66666666666667e-01
284 109 -1.66666666666667e-01
284 114 -1.66666666666667e-01
284 115 -1.66666666666667e-01
284 133 -1.66666666666667e-01
285 285 5.83333333333333e+00
285 266 -1.00000000000000e+00
285 272 -1.66666666666667e-01
285 284 -1.00000000000000e+00
285 286 -1.00000000000000e+00
285 291 -1.66666666666667e-01
285 292 -1.66666666666667e-01
285 296 -1.66666666666667e-01
285 302 -1.00000000000000e+00
285 307 -1.66666666666667e-01
285 115 -1.00000000000000e+00
286 286 5.83333333333333e+00
286 267 -1.00000000000000e+00
286 285 -1.00000000000000e+00
286 287 -1.00000000000000e+00
286 292 -1.00000000000000e+00
286 303 -1.00000000000000e+00
286 100 -1.66666666666667e-01
286 110 -1.66666666666667e-01
286 115 -1.66666666666667e-01
286 116 -1.66666666666667e-01
286 134 -1.66666666666667e-01
287 287 5.66666666666667e+00
287 268 -1.00000000000000e+00
287 273 -1.66666666666667e-01
287 286 -1.00000000000000e+00
287 292 -1.66666666666667e-01
287 297 -1.66666666666667e-01
287 303 -1.66666666666667e-01
287 308 -3.33333333333333e-01
287 321 -1.66666666666667e-01
287 116 -1.00000000000000e+00
287 135 -1.66666666666667e-01
288 288 5.16666666666667e+00
288 251 -1.66666666666667e-01
288 261 -3.33333333333333e-01
288 269 -3.33333333333333e-01
288 274 -3.33333333333333e-01
288 279 -3.33333333333333e-01
288 289 -1.66666666666667e-01
288 293 -3.33333333333333e-01
288 298 -3.33333333333333e-01
288 304 -3.33333333333333e-01
288 309 -3.33333333333333e-01
288 322 -1.66666666666667e-01
288 111 -1.66666666666667e-01
288 413 -1.66666666666667e-01
289 289 5.16666666666667e+00
289 252 -1.66666666666667e-01
289 262 -1.66666666666667e-01
289 269 -3.33333333333333e-01
289 270 -3.33333333333333e-01
289 275 -3.33333333333333e-01
289 279 -1.66666666666667e-01
289 280 -1.00000000000000e+00
289 281 -1.66666666666667e-01
289 288 -1.66666666666667e-01
289 290 -1.66666666666667e-01
289 293 -3.33333333333333e-01
289 294 -3.33333333333333e-01
289 299 -1.66666666666667e-01
289 304 -3.33333333333333e-01
289 305 -3.33333333333333e-01
289 311 -3.33333333333333e-01
289 323 -1.66666666666667e-01
289 415 -1.66666666666667e-01
290 290 5.16666666666667e+00
290 253 -1.66666666666667e-01
290 264 -1.66666666666667e-01
290 270 -3.33333333333333e-01
290 271 -3.33333333333333e-01
290 276 -3.33333333333333e-01
290 281 -1.66666666666667e-01
290 282 -1.00000000000000e+00
290 283 -1.66666666666667e-01
290 289 -1.66666666666667e-01
290 291 -1.66666666666667e-01
290 294 -3.33333333333333e-01
290 295 -3.33333333333333e-01
290 300 -1.66666666666667e-01
290 305 -3.33333333333333e-01
290 306 -3.33333333333333e-01
290 312 -3.33333333333333e-01
290 324 -1.66666666666667e-01
290 417 -1.66666666666667e-01
291 291 5.16666666666667e+00
291 254 -1.66666666666667e-01
291 265 -1.66666666666667e-01
291 271 -3.33333333333333e-01
291 272 -3.33333333333333e-01
291 277 -3.33333333333333e-01
291 283 -1.66666666666667e-01
291 284 -1.00000000000000e+00
291 285 -1.66666666666667e-01
291 290 -1.66666666666667e-01
291 292 -1.66666666666667e-01
291 295 -3.33333333333333e-01
291 296 -3.33333333333333e-01
291 301 -1.66666666666667e-01
291 306 -3.33333333333333e-01
291 307 -3.33333333333333e-01
291 313 -3.33333333333333e-01
291 325 -1.66666666666667e-01
291 419 -1.66666666666667e-01
292 292 5.16666666666667e+00
292 255 -1.66666666666667e-01
292 267 -1.66666666666667e-01
292 272 -3.33333333333333e-01
292 273 -3.33333333333333e-01
292 278 -3.33333333333333e-01
292 285 -1.66666666666667e-01
292 286 -1.00000000000000e+00
292 287 -1.66666666666667e-01
292 291 -1.66666666666667e-01
292 296 -3.33333333333333e-01
292 297 -3.33333333333333e-01
292 303 -1.66666666666667e-01
292 307 -3.33333333333333e-01
292 308 -3.33333333333333e-01
292 314 -3.33333333333333e-01
292 326 -1.66666666666667e-01
292 420 -1.66666666666667e-01
293 293 5.33333333333333e+00
293 256 -1.66666666666667e-01
293 269 -3.33333333333333e-01
293 274 -3.33333333333333e-01
293 275 -3.33333333333333e-01
293 279 -1.66666666666667e-01
293 288 -3.33333333333333e-01
293 289 -3.33333333333333e-01
293 294 -1.66666666666667e-01
293 304 -1.66666666666667e-01
293 309 -1.66666666666667e-01
293 310 -1.00000000000000e+00
293 311 -1.66666666666667e-01
293 402 -1.66666666666667e-01
293 413 -1.66666666666667e-01
293 414 -1.00000000000000e+00
293 415 -1.66666666666667e-01
294 294 5.16666666666667e+00
294 257 -1.66666666666667e-01
294 270 -3.33333333333333e-01
294 275 -3.33333333333333e-01
294 276 -3.33333333333333e-01
294 281 -1.66666666666667e-01
294 289 -3.33333333333333e-01
294 290 -3.33333333333333e-01
294 293 -1.66666666666667e-01
294 295 -1.66666666666667e-01
294 305 -3.33333333333333e-01
294 311 -3.33333333333333e-01
294 312 -3.33333333333333e-01
294 328 -1.66666666666667e-01
294 403 -1.66666666666667e-01
294 415 -1.66666666666667e-01
294 416 -1.00000000000000e+00
294 417 -1.66666666666667e-01
294 430 -1.66666666666667e-01
295 295 5.16666666666667e+00
295 258 -1.66666666666667e-01
295 271 -3.33333333333333e-01
295 276 -3.33333333333333e-01
295 277 -3.33333333333333e-01
295 283 -1.66666666666667e-01
295 290 -3.33333333333333e-01
295 291 -3.33333333333333e-01
295 294 -1.66666666666667e-01
295 296 -1.66666666666667e-01
295 306 -3.33333333333333e-01
295 312 -3.33333333333333e-01
295 313 -3.33333333333333e-01
295 329 -1.66666666666667e-01
295 404 -1.66666666666667e-01
295 417 -1.66666666666667e-01
295 418 -1.00000000000000e+00
295 419 -1.66666666666667e-01
295 431 -1.66666666666667e-01
296 296 5.00000000000000e+00
296 259 -1.66666666666667e-01
296 272 -3.33333333333333e-01
296 277 -3.33333333333333e-01
296 278 -3.33333333333333e-01
296 285 -1.66666666666667e-01
296 291 -3.33333333333333e-01
296 292 -3.33333333333333e-01
296 295 -1.66666666666667e-01
296 297 -1.66666666666667e-01
296 307 -3.33333333333333e-01
296 313 -3.33333333333333e-01
296 314 -3.33333333333333e-01
296 330 -1.66666666666667e-01
296 405 -3.33333333333333e-01
296 419 -3.33333333333333e-01
296 420 -3.33333333333333e-01
296 425 -1.66666666666667e-01
296 433 -3.33333333333333e-01
297 297 5.16666666666667e+00
297 260 -1.66666666666667e-01
297 273 -3.33333333333333e-01
297 278 -3.33333333333333e-01
297 287 -1.66666666666667e-01
297 292 -3.33333333333333e-01
297 296 -1.66666666666667e-01
297 308 -3.33333333333333e-01
297 314 -3.33333333333333e-01
297 331 -1.66666666666667e-01
297 406 -3.33333333333333e-01
297 420 -3.33333333333333e-01
297 426 -1.66666666666667e-01
297 434 -3.33333333333333e-01
298 298 5.33333333333333e+00
298 261 -1.66666666666667e-01
298 279 -3.33333333333333e-01
298 288 -3.33333333333333e-01
298 299 -1.66666666666667e-01
298 304 -3.33333333333333e-01
298 309 -1.66666666666667e-01
298 315 -3.33333333333333e-01
298 322 -3.33333333333333e-01
298 332 -1.66666666666667e-01
298 111 -1.66666666666667e-01
298 127 -1.00000000000000e+00
298 128 -1.66666666666667e-01
298 146 -1.66666666666667e-01
299 299 5.50000000000000e+00
299 279 -1.66666666666667e-01
299 280 -1.00000000000000e+00
299 281 -1.66666666666667e-01
299 289 -1.66666666666667e-01
299 298 -1.66666666666667e-01
299 300 -1.66666666666667e-01
299 304 -3.33333333333333e-01
299 305 -3.33333333333333e-01
299 311 -1.66666666666667e-01
299 315 -1.66666666666667e-01
299 316 -1.00000000000000e+00
299 317 -1.66666666666667e-01
299 323 -1.66666666666667e-01
299 128 -1.66666666666667e-01
299 129 -1.00000000000000e+00
299 130 -1.66666666666667e-01
300 300 5.33333333333333e+00
300 281 -1.66666666666667e-01
300 282 -1.00000000000000e+00
300 283 -1.66666666666667e-01
300 290 -1.66666666666667e-01
300 299 -1.66666666666667e-01
300 301 -1.66666666666667e-01
300 305 -3.33333333333333e-01
300 306 -3.33333333333333e-01
300 312 -1.66666666666667e-01
300 317 -3.33333333333333e-01
300 318 -3.33333333333333e-01
300 324 -3.33333333333333e-01
300 336 -1.66666666666667e-01
300 130 -1.66666666666667e-01
300 131 -1.00000000000000e+00
300 132 -1.66666666666667e-01
300 149 -1.66666666666667e-01
301 301 5.66666666666667e+00
301 283 -1.66666666666667e-01
301 284 -1.00000000000000e+00
301 291 -1.66666666666667e-01
301 300 -1.66666666666667e-01
301 302 -1.00000000000000e+00
301 306 -3.33333333333333e-01
301 307 -1.66666666666667e-01
301 313 -1.66666666666667e-01
301 318 -1.66666666666667e-01
301 319 -1.00000000000000e+00
301 325 -1.66666666666667e-01
301 132 -1.66666666666667e-01
301 133 -1.00000000000000e+00
302 302 5.83333333333333e+00
302 285 -1.00000000000000e+00
302 301 -1.00000000000000e+00
302 303 -1.00000000000000e+00
302 307 -1.00000000000000e+00
302 320 -1.00000000000000e+00
302 115 -1.66666666666667e-01
302 125 -1.66666666666667e-01
302 133 -1.66666666666667e-01
302 134 -1.66666666666667e-01
302 151 -1.66666666666667e-01
303 303 5.50000000000000e+00
303 286 -1.00000000000000e+00
303 287 -1.66666666666667e-01
303 292 -1.66666666666667e-01
303 302 -1.00000000000000e+00
303 307 -1.66666666666667e-01
303 308 -3.33333333333333e-01
303 314 -1.66666666666667e-01
303 320 -1.66666666666667e-01
303 321 -3.33333333333333e-01
303 326 -3.33333333333333e-01
303 339 -1.66666666666667e-01
303 134 -1.00000000000000e+00
303 135 -1.66666666666667e-01
303 152 -1.66666666666667e-01
304 304 5.16666666666667e+00
304 269 -1.66666666666667e-01
304 279 -3.33333333333333e-01
304 288 -3.33333333333333e-01
304 289 -3.33333333333333e-01
304 293 -1.66666666666667e-01
304 298 -3.33333333333333e-01
304 299 -3.33333333333333e-01
304 305 -1.66666666666667e-01
304 309 -1.66666666666667e-01
304 310 -1.00000000000000e+00
304 311 -1.66666666666667e-01
304 315 -3.33333333333333e-01
304 322 -3.33333333333333e-01
304 323 -3.33333333333333e-01
304 327 -1.66666666666667e-01
304 341 -1.66666666666667e-01
304 128 -1.66666666666667e-01
305 305 5.00000000000000e+00
305 270 -1.66666666666667e-01
305 281 -3.33333333333333e-01
305 289 -3.33333333333333e-01
305 290 -3.33333333333333e-01
305 294 -3.33333333333333e-01
305 299 -3.33333333333333e-01
305 300 -3.33333333333333e-01
305 304 -1.66666666666667e-01
305 306 -1.66666666666667e-01
305 311 -3.33333333333333e-01
305 312 -3.33333333333333e-01
305 317 -3.33333333333333e-01
305 323 -3.33333333333333e-01
305 324 -3.33333333333333e-01
305 328 -3.33333333333333e-01
305 342 -1.66666666666667e-01
305 130 -1.66666666666667e-01
305 430 -1.66666666666667e-01
306 306 5.00000000000000e+00
306 271 -1.66666666666667e-01
306 283 -3.33333333333333e-01
306 290 -3.33333333333333e-01
306 291 -3.33333333333333e-01
306 295 -3.33333333333333e-01
306 300 -3.33333333333333e-01
306 301 -3.33333333333333e-01
306 305 -1.66666666666667e-01
306 307 -1.66666666666667e-01
306 312 -3.33333333333333e-01
306 313 -3.33333333333333e-01
306 318 -3.33333333333333e-01
306 324 -3.33333333333333e-01
306 325 -3.33333333333333e-01
306 329 -3.33333333333333e-01
306 343 -1.66666666666667e-01
306 132 -1.66666666666667e-01
306 431 -1.66666666666667e-01
307 307 5.16666666666667e+00
307 272 -1.66666666666667e-01
307 285 -1.66666666666667e-01
307 291 -3.33333333333333e-01
307 292 -3.33333333333333e-01
307 296 -3.33333333333333e-01
307 301 -1.66666666666667e-01
307 302 -1.00000000000000e+00
307 303 -1.66666666666667e-01
307 306 -1.66666666666667e-01
307 308 -1.66666666666667e-01
307 313 -3.33333333333333e-01
307 314 -3.33333333333333e-01
307 320 -1.66666666666667e-01
307 325 -3.33333333333333e-01
307 326 -3.33333333333333e-01
307 330 -3.33333333333333e-01
307 344 -1.66666666666667e-01
307 433 -1.66666666666667e-01
308 308 5.16666666666667e+00
308 273 -1.66666666666667e-01
308 287 -3.33333333333333e-01
308 292 -3.33333333333333e-01
308 297 -3.33333333333333e-01
308 303 -3.33333333333333e-01
308 307 -1.66666666666667e-01
308 314 -3.33333333333333e-01
308 321 -3.33333333333333e-01
308 326 -3.33333333333333e-01
308 331 -3.33333333333333e-01
308 345 -1.66666666666667e-01
308 135 -1.66666666666667e-01
308 434 -1.66666666666667e-01
309 309 5.50000000000000e+00
309 274 -1.66666666666667e-01
309 288 -3.33333333333333e-01
309 293 -1.66666666666667e-01
309 298 -1.66666666666667e-01
309 304 -1.66666666666667e-01
309 310 -1.00000000000000e+00
309 322 -3.33333333333333e-01
309 327 -1.66666666666667e-01
309 346 -1.66666666666667e-01
309 413 -1.66666666666667e-01
309 427 -1.00000000000000e+00
309 441 -1.66666666666667e-01
310 310 6.00000000000000e+00
310 293 -1.00000000000000e+00
310 304 -1.00000000000000e+00
310 309 -1.00000000000000e+00
310 311 -1.00000000000000e+00
310 327 -1.00000000000000e+00
310 428 -1.00000000000000e+00
311 311 5.33333333333333e+00
311 275 -1.66666666666667e-01
311 289 -3.33333333333333e-01
311 293 -1.66666666666667e-01
311 294 -3.33333333333333e-01
311 299 -1.66666666666667e-01
311 304 -1.66666666666667e-01
311 305 -3.33333333333333e-01
311 310 -1.00000000000000e+00
311 312 -1.66666666666667e-01
311 323 -3.33333333333333e-01
311 327 -1.66666666666667e-01
311 328 -3.33333333333333e-01
311 347 -1.66666666666667e-01
311 415 -1.66666666666667e-01
311 429 -1.00000000000000e+00
311 430 -1.66666666666667e-01
311 443 -1.66666666666667e-01
312 312 5.00000000000000e+00
312 276 -1.66666666666667e-01
312 290 -3.33333333333333e-01
312 294 -3.33333333333333e-01
312 295 -3.33333333333333e-01
312 300 -1.66666666666667e-01
312 305 -3.33333333333333e-01
312 306 -3.33333333333333e-01
312 311 -1.66666666666667e-01
312 313 -1.66666666666667e-01
312 324 -3.33333333333333e-01
312 328 -3.33333333333333e-01
312 329 -3.33333333333333e-01
312 348 -1.66666666666667e-01
312 417 -3.33333333333333e-01
312 430 -3.33333333333333e-01
312 431 -3.33333333333333e-01
312 437 -1.66666666666667e-01
312 444 -3.33333333333333e-01
313 313 5.16666666666667e+00
313 277 -1.66666666666667e-01
313 291 -3.33333333333333e-01
313 295 -3.33333333333333e-01
313 296 -3.33333333333333e-01
313 301 -1.66666666666667e-01
313 306 -3.33333333333333e-01
313 307 -3.33333333333333e-01
313 312 -1.66666666666667e-01
313 314 -1.66666666666667e-01
313 325 -3.33333333333333e-01
313 329 -3.33333333333333e-01
313 330 -3.33333333333333e-01
313 349 -1.66666666666667e-01
313 419 -1.66666666666667e-01
313 431 -1.66666666666667e-01
313 432 -1.00000000000000e+00
313 433 -1.66666666666667e-01
313 446 -1.66666666666667e-01
314 314 5.00000000000000e+00
314 278 -1.66666666666667e-01
314 292 -3.33333333333333e-01
314 296 -3.33333333333333e-01
314 297 -3.33333333333333e-01
314 303 -1.66666666666667e-01
314 307 -3.33333333333333e-01
314 308 -3.33333333333333e-01
314 313 -1.66666666666667e-01
314 326 -3.33333333333333e-01
314 330 -3.33333333333333e-01
314 331 -3.33333333333333e-01
314 350 -1.66666666666667e-01
314 420 -3.33333333333333e-01
314 433 -3.33333333333333e-01
314 434 -3.33333333333333e-01
314 440 -1.66666666666667e-01
314 447 -3.33333333333333e-01
315 315 5.50000000000000e+00
315 279 -1.66666666666667e-01
315 298 -3.33333333333333e-01
315 299 -1.66666666666667e-01
315 304 -3.33333333333333e-01
315 316 -1.00000000000000e+00
315 322 -3.33333333333333e-01
315 323 -1.66666666666667e-01
315 327 -1.66666666666667e-01
315 332 -1.66666666666667e-01
315 333 -1.00000000000000e+00
315 341 -1.66666666666667e-01
315 128 -1.66666666666667e-01
315 146 -1.66666666666667e-01
315 147 -1.00000000000000e+00
316 316 5.83333333333333e+00
316 299 -1.00000000000000e+00
316 315 -1.00000000000000e+00
316 317 -1.00000000000000e+00
316 323 -1.00000000000000e+00
316 334 -1.00000000000000e+00
316 129 -1.66666666666667e-01
316 142 -1.66666666666667e-01
316 147 -1.66666666666667e-01
316 148 -1.66666666666667e-01
316 165 -1.66666666666667e-01
317 317 5.50000000000000e+00
317 281 -1.66666666666667e-01
317 299 -1.66666666666667e-01
317 300 -3.33333333333333e-01
317 305 -3.33333333333333e-01
317 316 -1.00000000000000e+00
317 318 -1.66666666666667e-01
317 323 -1.66666666666667e-01
317 324 -3.33333333333333e-01
317 328 -1.66666666666667e-01
317 335 -1.00000000000000e+00
317 336 -1.66666666666667e-01
317 342 -1.66666666666667e-01
317 130 -1.66666666666667e-01
317 148 -1.00000000000000e+00
317 149 -1.66666666666667e-01
318 318 5.50000000000000e+00
318 283 -1.66666666666667e-01
318 300 -3.33333333333333e-01
318 301 -1.66666666666667e-01
318 306 -3.33333333333333e-01
318 317 -1.66666666666667e-01
318 319 -1.00000000000000e+00
318 324 -3.33333333333333e-01
318 325 -1.66666666666667e-01
318 329 -1.66666666666667e-01
318 336 -1.66666666666667e-01
318 337 -1.00000000000000e+00
318 343 -1.66666666666667e-01
318 132 -1.66666666666667e-01
318 149 -1.66666666666667e-01
318 150 -1.00000000000000e+00
319 319 5.83333333333333e+00
319 301 -1.00000000000000e+00
319 318 -1.00000000000000e+00
319 320 -1.00000000000000e+00
319 325 -1.00000000000000e+00
319 338 -1.00000000000000e+00
319 133 -1.66666666666667e-01
319 144 -1.66666666666667e-01
319 150 -1.66666666666667e-01
319 151 -1.66666666666667e-01
319 167 -1.66666666666667e-01
320 320 5.50000000000000e+00
320 302 -1.00000000000000e+00
320 303 -1.66666666666667e-01
320 307 -1.66666666666667e-01
320 319 -1.00000000000000e+00
320 321 -1.66666666666667e-01
320 325 -1.66666666666667e-01
320 326 -3.33333333333333e-01
320 330 -1.66666666666667e-01
320 338 -1.66666666666667e-01
320 339 -3.33333333333333e-01
320 344 -3.33333333333333e-01
320 151 -1.00000000000000e+00
320 152 -1.66666666666667e-01
320 168 -1.66666666666667e-01
321 321 5.50000000000000e+00
321 287 -1.66666666666667e-01
321 303 -3.33333333333333e-01
321 308 -3.33333333333333e-01
321 320 -1.66666666666667e-01
321 326 -3.33333333333333e-01
321 331 -1.66666666666667e-01
321 339 -1.66666666666667e-01
321 340 -1.00000000000000e+00
321 345 -1.66666666666667e-01
321 135 -1.66666666666667e-01
321 152 -1.66666666666667e-01
321 153 -1.00000000000000e+00
322 322 5.16666666666667e+00
322 288 -1.66666666666667e-01
322 298 -3.33333333333333e-01
322 304 -3.33333333333333e-01
322 309 -3.33333333333333e-01
322 315 -3.33333333333333e-01
322 323 -1.66666666666667e-01
322 327 -3.33333333333333e-01
322 332 -3.33333333333333e-01
322 341 -3.33333333333333e-01
322 346 -3.33333333333333e-01
322 146 -1.66666666666667e-01
322 441 -1.66666666666667e-01
323 323 5.16666666666667e+00
323 289 -1.66666666666667e-01
323 299 -1.66666666666667e-01
323 304 -3.33333333333333e-01
323 305 -3.33333333333333e-01
323 311 -3.33333333333333e-01
323 315 -1.66666666666667e-01
323 316 -1.00000000000000e+00
323 317 -1.66666666666667e-01
323 322 -1.66666666666667e-01
323 324 -1.66666666666667e-01
323 327 -3.33333333333333e-01
323 328 -3.33333333333333e-01
323 334 -1.66666666666667e-01
323 341 -3.33333333333333e-01
323 342 -3.33333333333333e-01
323 347 -3.33333333333333e-01
323 443 -1.66666666666667e-01
324 324 5.00000000000000e+00
324 290 -1.66666666666667e-01
324 300 -3.33333333333333e-01
324 305 -3.33333333333333e-01
324 306 -3.33333333333333e-01
324 312 -3.33333333333333e-01
324 317 -3.33333333333333e-01
324 318 -3.33333333333333e-01
324 323 -1.66666666666667e-01
324 325 -1.66666666666667e-01
324 328 -3.33333333333333e-01
324 329 -3.33333333333333e-01
324 336 -3.33333333333333e-01
324 342 -3.33333333333333e-01
324 343 -3.33333333333333e-01
324 348 -3.33333333333333e-01
324 149 -1.66666666666667e-01
324 444 -1.66666666666667e-01
325 325 5.16666666666667e+00
325 291 -1.66666666666667e-01
325 301 -1.66666666666667e-01
325 306 -3.33333333333333e-01
325 307 -3.33333333333333e-01
325 313 -3.33333333333333e-01
325 318 -1.66666666666667e-01
325 319 -1.00000000000000e+00
325 320 -1.66666666666667e-01
325 324 -1.66666666666667e-01
325 326 -1.66666666666667e-01
325 329 -3.33333333333333e-01
325 330 -3.33333333333333e-01
325 338 -1.66666666666667e-01
325 343 -3.33333333333333e-01
325 344 -3.33333333333333e-01
325 349 -3.33333333333333e-01
325 446 -1.66666666666667e-01
326 326 5.00000000000000e+00
326 292 -1.66666666666667e-01
326 303 -3.33333333333333e-01
326 307 -3.33333333333333e-01
326 308 -3.33333333333333e-01
326 314 -3.33333333333333e-01
326 320 -3.33333333333333e-01
326 321 -3.33333333333333e-01
326 325 -1.66666666666667e-01
326 330 -3.33333333333333e-01
326 331 -3.33333333333333e-01
326 339 -3.33333333333333e-01
326 344 -3.33333333333333e-01
326 345 -3.33333333333333e-01
326 350 -3.33333333333333e-01
326 152 -1.66666666666667e-01
326 447 -1.66666666666667e-01
327 327 5.33333333333333e+00
327 304 -1.66666666666667e-01
327 309 -1.66666666666667e-01
327 310 -1.00000000000000e+00
327 311 -1.66666666666667e-01
327 315 -1.66666666666667e-01
327 322 -3.33333333333333e-01
327 323 -3.33333333333333e-01
327 328 -1.66666666666667e-01
327 341 -3.33333333333333e-01
327 346 -3.33333333333333e-01
327 347 -3.33333333333333e-01
327 441 -1.66666666666667e-01
327 442 -1.00000000000000e+00
327 443 -1.66666666666667e-01
327 458 -1.66666666666667e-01
328 328 5.00000000000000e+00
328 294 -1.66666666666667e-01
328 305 -3.33333333333333e-01
328 311 -3.33333333333333e-01
328 312 -3.33333333333333e-01
328 317 -1.66666666666667e-01
328 323 -3.33333333333333e-01
328 324 -3.33333333333333e-01
328 327 -1.66666666666667e-01
328 329 -1.66666666666667e-01
328 342 -3.33333333333333e-01
328 347 -3.33333333333333e-01
328 348 -3.33333333333333e-01
328 430 -3.33333333333333e-01
328 443 -3.33333333333333e-01
328 444 -3.33333333333333e-01
328 451 -1.66666666666667e-01
328 459 -3.33333333333333e-01
329 329 5.16666666666667e+00
329 295 -1.66666666666667e-01
329 306 -3.33333333333333e-01
329 312 -3.33333333333333e-01
329 313 -3.33333333333333e-01
329 318 -1.66666666666667e-01
329 324 -3.33333333333333e-01
329 325 -3.33333333333333e-01
329 328 -1.66666666666667e-01
329 330 -1.66666666666667e-01
329 343 -3.33333333333333e-01
329 348 -3.33333333333333e-01
329 349 -3.33333333333333e-01
329 431 -1.66666666666667e-01
329 444 -1.66666666666667e-01
329 445 -1.00000000000000e+00
329 446 -1.66666666666667e-01
329 460 -1.66666666666667e-01
330 330 5.00000000000000e+00
330 296 -1.66666666666667e-01
330 307 -3.33333333333333e-01
330 313 -3.33333333333333e-01
330 314 -3.33333333333333e-01
330 320 -1.66666666666667e-01
330 325 -3.33333333333333e-01
330 326 -3.33333333333333e-01
330 329 -1.66666666666667e-01
330 331 -1.66666666666667e-01
330 344 -3.33333333333333e-01
330 349 -3.33333333333333e-01
330 350 -3.33333333333333e-01
330 433 -3.33333333333333e-01
330 446 -3.33333333333333e-01
330 447 -3.33333333333333e-01
330 454 -1.66666666666667e-01
330 461 -3.33333333333333e-01
331 331 5.33333333333333e+00
331 297 -1.66666666666667e-01
331 308 -3.33333333333333e-01
331 314 -3.33333333333333e-01
331 321 -1.66666666666667e-01
331 326 -3.33333333333333e-01
331 330 -1.66666666666667e-01
331 345 -3.33333333333333e-01
331 350 -3.33333333333333e-01
331 434 -1.66666666666667e-01
331 447 -1.66666666666667e-01
331 448 -1.00000000000000e+00
331 462 -1.66666666666667e-01
332 332 5.66666666666667e+00
332 298 -1.66666666666667e-01
332 315 -1.66666666666667e-01
332 322 -3.33333333333333e-01
332 333 -1.00000000000000e+00
332 341 -1.66666666666667e-01
332 346 -1.66666666666667e-01
332 146 -1.66666666666667e-01
332 164 -1.00000000000000e+00
333 333 5.83333333333333e+00
333 315 -1.00000000000000e+00
333 332 -1.00000000000000e+00
333 334 -1.00000000000000e+00
333 341 -1.00000000000000e+00
333 147 -1.66666666666667e-01
333 159 -1.66666666666667e-01
333 164 -1.66666666666667e-01
333 165 -1.66666666666667e-01
334 334 5.83333333333333e+00
334 316 -1.00000000000000e+00
334 323 -1.66666666666667e-01
334 333 -1.00000000000000e+00
334 335 -1.00000000000000e+00
334 341 -1.66666666666667e-01
334 342 -1.66666666666667e-01
334 347 -1.66666666666667e-01
334 165 -1.00000000000000e+00
335 335 5.83333333333333e+00
335 317 -1.00000000000000e+00
335 334 -1.00000000000000e+00
335 336 -1.00000000000000e+00
335 342 -1.00000000000000e+00
335 148 -1.66666666666667e-01
335 160 -1.66666666666667e-01
335 165 -1.66666666666667e-01
335 166 -1.66666666666667e-01
336 336 5.66666666666667e+00
336 300 -1.66666666666667e-01
336 317 -1.66666666666667e-01
336 318 -1.66666666666667e-01
336 324 -3.33333333333333e-01
336 335 -1.00000000000000e+00
336 337 -1.00000000000000e+00
336 342 -1.66666666666667e-01
336 343 -1.66666666666667e-01
336 348 -1.66666666666667e-01
336 149 -1.66666666666667e-01
336 166 -1.00000000000000e+00
337 337 5.83333333333333e+00
337 318 -1.00000000000000e+00
337 336 -1.00000000000000e+00
337 338 -1.00000000000000e+00
337 343 -1.00000000000000e+00
337 150 -1.66666666666667e-01
337 161 -1.66666666666667e-01
337 166 -1.66666666666667e-01
337 167 -1.66666666666667e-01
338 338 5.66666666666667e+00
338 319 -1.00000000000000e+00
338 320 -1.66666666666667e-01
338 325 -1.66666666666667e-01
338 337 -1.00000000000000e+00
338 339 -1.66666666666667e-01
338 343 -1.66666666666667e-01
338 344 -3.33333333333333e-01
338 349 -1.66666666666667e-01
338 167 -1.00000000000000e+00
338 168 -1.66666666666667e-01
339 339 5.50000000000000e+00
339 303 -1.66666666666667e-01
339 320 -3.33333333333333e-01
339 321 -1.66666666666667e-01
339 326 -3.33333333333333e-01
339 338 -1.66666666666667e-01
339 340 -1.00000000000000e+00
339 344 -3.33333333333333e-01
339 345 -1.66666666666667e-01
339 350 -1.66666666666667e-01
339 152 -1.66666666666667e-01
339 168 -1.66666666666667e-01
339 169 -1.00000000000000e+00
340 340 5.83333333333333e+00
340 321 -1.00000000000000e+00
340 339 -1.00000000000000e+00
340 345 -1.00000000000000e+00
340 153 -1.66666666666667e-01
340 163 -1.66666666666667e-01
340 169 -1.66666666666667e-01
341 341 5.33333333333333e+00
341 304 -1.66666666666667e-01
341 315 -1.66666666666667e-01
341 322 -3.33333333333333e-01
341 323 -3.33333333333333e-01
341 327 -3.33333333333333e-01
341 332 -1.66666666666667e-01
341 333 -1.00000000000000e+00
341 334 -1.66666666666667e-01
341 342 -1.66666666666667e-01
341 346 -3.33333333333333e-01
341 347 -3.33333333333333e-01
341 458 -1.66666666666667e-01
342 342 5.33333333333333e+00
342 305 -1.66666666666667e-01
342 317 -1.66666666666667e-01
342 323 -3.33333333333333e-01
342 324 -3.33333333333333e-01
342 328 -3.33333333333333e-01
342 334 -1.66666666666667e-01
342 335 -1.00000000000000e+00
342 336 -1.66666666666667e-01
342 341 -1.66666666666667e-01
342 343 -1.66666666666667e-01
342 347 -3.33333333333333e-01
342 348 -3.33333333333333e-01
342 459 -1.66666666666667e-01
343 343 5.33333333333333e+00
343 306 -1.66666666666667e-01
343 318 -1.66666666666667e-01
343 324 -3.33333333333333e-01
343 325 -3.33333333333333e-01
343 329 -3.33333333333333e-01
343 336 -1.66666666666667e-01
343 337 -1.00000000000000e+00
343 338 -1.66666666666667e-01
343 342 -1.66666666666667e-01
343 344 -1.66666666666667e-01
343 348 -3.33333333333333e-01
343 349 -3.33333333333333e-01
343 460 -1.66666666666667e-01
344 344 5.16666666666667e+00
344 307 -1.66666666666667e-01
344 320 -3.33333333333333e-01
344 325 -3.33333333333333e-01
344 326 -3.33333333333333e-01
344 330 -3.33333333333333e-01
344 338 -3.33333333333333e-01
344 339 -3.33333333333333e-01
344 343 -1.66666666666667e-01
344 345 -1.66666666666667e-01
344 349 -3.33333333333333e-01
344 350 -3.33333333333333e-01
344 168 -1.66666666666667e-01
344 461 -1.66666666666667e-01
345 345 5.50000000000000e+00
345 308 -1.66666666666667e-01
345 321 -1.66666666666667e-01
345 326 -3.33333333333333e-01
345 331 -3.33333333333333e-01
345 339 -1.66666666666667e-01
345 340 -1.00000000000000e+00
345 344 -1.66666666666667e-01
345 350 -3.33333333333333e-01
345 462 -1.66666666666667e-01
346 346 5.50000000000000e+00
346 309 -1.66666666666667e-01
346 322 -3.33333333333333e-01
346 327 -3.33333333333333e-01
346 332 -1.66666666666667e-01
346 341 -3.33333333333333e-01
346 347 -1.66666666666667e-01
346 441 -1.66666666666667e-01
346 457 -1.00000000000000e+00
346 458 -1.66666666666667e-01
347 347 5.16666666666667e+00
347 311 -1.66666666666667e-01
347 323 -3.33333333333333e-01
347 327 -3.33333333333333e-01
347 328 -3.33333333333333e-01
347 334 -1.66666666666667e-01
347 341 -3.33333333333333e-01
347 342 -3.33333333333333e-01
347 346 -1.66666666666667e-01
347 348 -1.66666666666667e-01
347 443 -3.33333333333333e-01
347 458 -3.33333333333333e-01
347 459 -3.33333333333333e-01
347 465 -1.66666666666667e-01
348 348 5.16666666666667e+00
348 312 -1.66666666666667e-01
348 324 -3.33333333333333e-01
348 328 -3.33333333333333e-01
348 329 -3.33333333333333e-01
348 336 -1.66666666666667e-01
348 342 -3.33333333333333e-01
348 343 -3.33333333333333e-01
348 347 -1.66666666666667e-01
348 349 -1.66666666666667e-01
348 444 -3.33333333333333e-01
348 459 -3.33333333333333e-01
348 460 -3.33333333333333e-01
348 466 -1.66666666666667e-01
349 349 5.16666666666667e+00
349 313 -1.66666666666667e-01
349 325 -3.33333333333333e-01
349 329 -3.33333333333333e-01
349 330 -3.33333333333333e-01
349 338 -1.66666666666667e-01
349 343 -3.33333333333333e-01
349 344 -3.33333333333333e-01
349 348 -1.66666666666667e-01
349 350 -1.66666666666667e-01
349 446 -3.33333333333333e-01
349 460 -3.33333333333333e-01
349 461 -3.33333333333333e-01
349 467 -1.66666666666667e-01
350 350 5.16666666666667e+00
350 314 -1.66666666666667e-01
350 326 -3.33333333333333e-01
350 330 -3.33333333333333e-01
350 331 -3.33333333333333e-01
350 339 -1.66666666666667e-01
350 344 -3.33333333333333e-01
350 345 -3.33333333333333e-01
350 349 -1.66666666666667e-01
350 447 -3.33333333333333e-01
350 461 -3.33333333333333e-01
350 462 -3.33333333333333e-01
350 468 -1.66666666666667e-01
