0 169 0 169
0 0 5.33333333333333e+00
0 1 -1.66666666666667e-01
0 5 -3.33333333333333e-01
0 6 -3.33333333333333e-01
0 11 -1.66666666666667e-01
0 19 -3.33333333333333e-01
0 20 -3.33333333333333e-01
0 24 -3.33333333333333e-01
0 34 -1.66666666666667e-01
1 1 5.33333333333333e+00
1 0 -1.66666666666667e-01
1 2 -1.66666666666667e-01
1 6 -3.33333333333333e-01
1 7 -3.33333333333333e-01
1 13 -1.66666666666667e-01
1 20 -3.33333333333333e-01
1 21 -3.33333333333333e-01
1 25 -3.33333333333333e-01
1 35 -1.66666666666667e-01
2 2 5.33333333333333e+00
2 1 -1.66666666666667e-01
2 3 -1.66666666666667e-01
2 7 -3.33333333333333e-01
2 8 -3.33333333333333e-01
2 15 -1.66666666666667e-01
2 21 -3.33333333333333e-01
2 22 -3.33333333333333e-01
2 26 -3.33333333333333e-01
2 36 -1.66666666666667e-01
3 3 5.33333333333333e+00
3 2 -1.66666666666667e-01
3 4 -1.66666666666667e-01
3 8 -3.33333333333333e-01
3 9 -3.33333333333333e-01
3 17 -1.66666666666667e-01
3 22 -3.33333333333333e-01
3 23 -3.33333333333333e-01
3 27 -3.33333333333333e-01
3 37 -1.66666666666667e-01
4 4 5.50000000000000e+00
4 3 -1.66666666666667e-01
4 9 -3.33333333333333e-01
4 18 -1.66666666666667e-01
4 23 -3.33333333333333e-01
4 28 -3.33333333333333e-01
4 38 -1.66666666666667e-01
5 5 5.50000000000000e+00
5 0 -3.33333333333333e-01
5 6 -1.66666666666667e-01
5 10 -1.00000000000000e+00
5 11 -1.66666666666667e-01
5 19 -3.33333333333333e-01
5 24 -3.33333333333333e-01
5 29 -1.66666666666667e-01
5 39 -1.66666666666667e-01
6 6 5.33333333333333e+00
6 0 -3.33333333333333e-01
6 1 -3.33333333333333e-01
6 5 -1.66666666666667e-01
6 7 -1.66666666666667e-01
6 11 -1.66666666666667e-01
6 12 -1.00000000000000e+00
6 13 -1.66666666666667e-01
6 20 -3.33333333333333e-01
6 24 -3.33333333333333e-01
6 25 -3.33333333333333e-01
6 30 -1.66666666666667e-01
6 40 -1.66666666666667e-01
7 7 5.33333333333333e+00
7 1 -3.33333333333333e-01
7 2 -3.33333333333333e-01
7 6 -1.66666666666667e-01
7 8 -1.66666666666667e-01
7 13 -1.66666666666667e-01
7 14 -1.00000000000000e+00
7 15 -1.66666666666667e-01
7 21 -3.33333333333333e-01
7 25 -3.33333333333333e-01
7 26 -3.33333333333333e-01
7 31 -1.66666666666667e-01
7 41 -1.66666666666667e-01
8 8 5.33333333333333e+00
8 2 -3.33333333333333e-01
8 3 -3.33333333333333e-01
8 7 -1.66666666666667e-01
8 9 -1.66666666666667e-01
8 15 -1.66666666666667e-01
8 16 -1.00000000000000e+00
8 17 -1.66666666666667e-01
8 22 -3.33333333333333e-01
8 26 -3.33333333333333e-01
8 27 -3.33333333333333e-01
8 32 -1.66666666666667e-01
8 42 -1.66666666666667e-01
9 9 5.16666666666667e+00
9 3 -3.33333333333333e-01
9 4 -3.33333333333333e-01
9 8 -1.66666666666667e-01
9 17 -3.33333333333333e-01
9 18 -3.33333333333333e-01
9 23 -3.33333333333333e-01
9 27 -3.33333333333333e-01
9 28 -3.33333333333333e-01
9 33 -3.33333333333333e-01
9 43 -1.66666666666667e-01
9 174 -1.66666666666667e-01
10 10 5.83333333333333e+00
10 5 -1.00000000000000e+00
10 11 -1.00000000000000e+00
10 29 -1.00000000000000e+00
10 170 -1.66666666666667e-01
10 175 -1.66666666666667e-01
10 186 -1.66666666666667e-01
11 11 5.66666666666667e+00
11 0 -1.66666666666667e-01
11 5 -1.66666666666667e-01
11 6 -1.66666666666667e-01
11 10 -1.00000000000000e+00
11 12 -1.00000000000000e+00
11 24 -3.33333333333333e-01
11 29 -1.66666666666667e-01
11 30 -1.66666666666667e-01
11 44 -1.66666666666667e-01
11 170 -1.00000000000000e+00
11 187 -1.66666666666667e-01
12 12 5.83333333333333e+00
12 6 -1.00000000000000e+00
12 11 -1.00000000000000e+00
12 13 -1.00000000000000e+00
12 30 -1.00000000000000e+00
12 170 -1.66666666666667e-01
12 171 -1.66666666666667e-01
12 176 -1.66666666666667e-01
12 188 -1.66666666666667e-01
13 13 5.66666666666667e+00
13 1 -1.66666666666667e-01
13 6 -1.66666666666667e-01
13 7 -1.66666666666667e-01
13 12 -1.00000000000000e+00
13 14 -1.00000000000000e+00
13 25 -3.33333333333333e-01
13 30 -1.66666666666667e-01
13 31 -1.66666666666667e-01
13 46 -1.66666666666667e-01
13 171 -1.00000000000000e+00
13 189 -1.66666666666667e-01
14 14 5.83333333333333e+00
14 7 -1.00000000000000e+00
14 13 -1.00000000000000e+00
14 15 -1.00000000000000e+00
14 31 -1.00000000000000e+00
14 171 -1.66666666666667e-01
14 172 -1.66666666666667e-01
14 177 -1.66666666666667e-01
14 190 -1.66666666666667e-01
15 15 5.66666666666667e+00
15 2 -1.66666666666667e-01
15 7 -1.66666666666667e-01
15 8 -1.66666666666667e-01
15 14 -1.00000000000000e+00
15 16 -1.00000000000000e+00
15 26 -3.33333333333333e-01
15 31 -1.66666666666667e-01
15 32 -1.66666666666667e-01
15 47 -1.66666666666667e-01
15 172 -1.00000000000000e+00
15 191 -1.66666666666667e-01
16 16 5.83333333333333e+00
16 8 -1.00000000000000e+00
16 15 -1.00000000000000e+00
16 17 -1.00000000000000e+00
16 32 -1.00000000000000e+00
16 172 -1.66666666666667e-01
16 173 -1.66666666666667e-01
16 178 -1.66666666666667e-01
16 192 -1.66666666666667e-01
17 17 5.50000000000000e+00
17 3 -1.66666666666667e-01
17 8 -1.66666666666667e-01
17 9 -3.33333333333333e-01
17 16 -1.00000000000000e+00
17 18 -1.66666666666667e-01
17 27 -3.33333333333333e-01
17 32 -1.66666666666667e-01
17 33 -3.33333333333333e-01
17 48 -1.66666666666667e-01
17 173 -1.00000000000000e+00
17 174 -1.66666666666667e-01
17 193 -1.66666666666667e-01
18 18 5.33333333333333e+00
18 4 -1.66666666666667e-01
18 9 -3.33333333333333e-01
18 17 -1.66666666666667e-01
18 28 -3.33333333333333e-01
18 33 -3.33333333333333e-01
18 49 -1.66666666666667e-01
18 174 -3.33333333333333e-01
18 180 -1.66666666666667e-01
18 194 -3.33333333333333e-01
19 19 5.33333333333333e+00
19 0 -3.33333333333333e-01
19 5 -3.33333333333333e-01
19 20 -1.66666666666667e-01
19 24 -3.33333333333333e-01
19 29 -1.66666666666667e-01
19 34 -3.33333333333333e-01
19 39 -3.33333333333333e-01
19 50 -1.66666666666667e-01
20 20 5.16666666666667e+00
20 0 -3.33333333333333e-01
20 1 -3.33333333333333e-01
20 6 -3.33333333333333e-01
20 19 -1.66666666666667e-01
20 21 -1.66666666666667e-01
20 24 -3.33333333333333e-01
20 25 -3.33333333333333e-01
20 30 -1.66666666666667e-01
20 34 -3.33333333333333e-01
20 35 -3.33333333333333e-01
20 40 -3.33333333333333e-01
20 51 -1.66666666666667e-01
21 21 5.16666666666667e+00
21 1 -3.33333333333333e-01
21 2 -3.33333333333333e-01
21 7 -3.33333333333333e-01
21 20 -1.66666666666667e-01
21 22 -1.66666666666667e-01
21 25 -3.33333333333333e-01
21 26 -3.33333333333333e-01
21 31 -1.66666666666667e-01
21 35 -3.33333333333333e-01
21 36 -3.33333333333333e-01
21 41 -3.33333333333333e-01
21 52 -1.66666666666667e-01
22 22 5.16666666666667e+00
22 2 -3.33333333333333e-01
22 3 -3.33333333333333e-01
22 8 -3.33333333333333e-01
22 21 -1.66666666666667e-01
22 23 -1.66666666666667e-01
22 26 -3.33333333333333e-01
22 27 -3.33333333333333e-01
22 32 -1.66666666666667e-01
22 36 -3.33333333333333e-01
22 37 -3.33333333333333e-01
22 42 -3.33333333333333e-01
22 53 -1.66666666666667e-01
23 23 5.16666666666667e+00
23 3 -3.33333333333333e-01
23 4 -3.33333333333333e-01
23 9 -3.33333333333333e-01
23 22 -1.66666666666667e-01
23 27 -3.33333333333333e-01
23 28 -3.33333333333333e-01
23 33 -1.66666666666667e-01
23 37 -3.33333333333333e-01
23 38 -3.33333333333333e-01
23 43 -3.33333333333333e-01
23 54 -1.66666666666667e-01
24 24 5.00000000000000e+00
24 0 -3.33333333333333e-01
24 5 -3.33333333333333e-01
24 6 -3.33333333333333e-01
24 11 -3.33333333333333e-01
24 19 -3.33333333333333e-01
24 20 -3.33333333333333e-01
24 25 -1.66666666666667e-01
24 29 -3.33333333333333e-01
24 30 -3.33333333333333e-01
24 34 -3.33333333333333e-01
24 39 -3.33333333333333e-01
24 40 -3.33333333333333e-01
24 44 -3.33333333333333e-01
24 55 -1.66666666666667e-01
24 187 -1.66666666666667e-01
25 25 5.00000000000000e+00
25 1 -3.33333333333333e-01
25 6 -3.33333333333333e-01
25 7 -3.33333333333333e-01
25 13 -3.33333333333333e-01
25 20 -3.33333333333333e-01
25 21 -3.33333333333333e-01
25 24 -1.66666666666667e-01
25 26 -1.66666666666667e-01
25 30 -3.33333333333333e-01
25 31 -3.33333333333333e-01
25 35 -3.33333333333333e-01
25 40 -3.33333333333333e-01
25 41 -3.33333333333333e-01
25 46 -3.33333333333333e-01
25 56 -1.66666666666667e-01
25 189 -1.66666666666667e-01
26 26 5.00000000000000e+00
26 2 -3.33333333333333e-01
26 7 -3.33333333333333e-01
26 8 -3.33333333333333e-01
26 15 -3.33333333333333e-01
26 21 -3.33333333333333e-01
26 22 -3.33333333333333e-01
26 25 -1.66666666666667e-01
26 27 -1.66666666666667e-01
26 31 -3.33333333333333e-01
26 32 -3.33333333333333e-01
26 36 -3.33333333333333e-01
26 41 -3.33333333333333e-01
26 42 -3.33333333333333e-01
26 47 -3.33333333333333e-01
26 57 -1.66666666666667e-01
26 191 -1.66666666666667e-01
27 27 5.00000000000000e+00
27 3 -3.33333333333333e-01
27 8 -3.33333333333333e-01
27 9 -3.33333333333333e-01
27 17 -3.33333333333333e-01
27 22 -3.33333333333333e-01
27 23 -3.33333333333333e-01
27 26 -1.66666666666667e-01
27 28 -1.66666666666667e-01
27 32 -3.33333333333333e-01
27 33 -3.33333333333333e-01
27 37 -3.33333333333333e-01
27 42 -3.33333333333333e-01
27 43 -3.33333333333333e-01
27 48 -3.33333333333333e-01
27 58 -1.66666666666667e-01
27 193 -1.66666666666667e-01
28 28 5.16666666666667e+00
28 4 -3.33333333333333e-01
28 9 -3.33333333333333e-01
28 18 -3.33333333333333e-01
28 23 -3.33333333333333e-01
28 27 -1.66666666666667e-01
28 33 -3.33333333333333e-01
28 38 -3.33333333333333e-01
28 43 -3.33333333333333e-01
28 49 -3.33333333333333e-01
28 59 -1.66666666666667e-01
28 194 -1.66666666666667e-01
29 29 5.50000000000000e+00
29 5 -1.66666666666667e-01
29 10 -1.00000000000000e+00
29 11 -1.66666666666667e-01
29 19 -1.66666666666667e-01
29 24 -3.33333333333333e-01
29 30 -1.66666666666667e-01
29 39 -3.33333333333333e-01
29 44 -3.33333333333333e-01
29 60 -1.66666666666667e-01
29 186 -1.00000000000000e+00
29 187 -1.66666666666667e-01
29 206 -1.66666666666667e-01
30 30 5.50000000000000e+00
30 6 -1.66666666666667e-01
30 11 -1.66666666666667e-01
30 12 -1.00000000000000e+00
30 13 -1.66666666666667e-01
30 20 -1.66666666666667e-01
30 24 -3.33333333333333e-01
30 25 -3.33333333333333e-01
30 29 -1.66666666666667e-01
30 31 -1.66666666666667e-01
30 40 -1.66666666666667e-01
30 44 -1.66666666666667e-01
30 45 -1.00000000000000e+00
30 46 -1.66666666666667e-01
30 187 -1.66666666666667e-01
30 188 -1.00000000000000e+00
30 189 -1.66666666666667e-01
31 31 5.33333333333333e+00
31 7 -1.66666666666667e-01
31 13 -1.66666666666667e-01
31 14 -1.00000000000000e+00
31 15 -1.66666666666667e-01
31 21 -1.66666666666667e-01
31 25 -3.33333333333333e-01
31 26 -3.33333333333333e-01
31 30 -1.66666666666667e-01
31 32 -1.66666666666667e-01
31 41 -3.33333333333333e-01
31 46 -3.33333333333333e-01
31 47 -3.33333333333333e-01
31 64 -1.66666666666667e-01
31 189 -1.66666666666667e-01
31 190 -1.00000000000000e+00
31 191 -1.66666666666667e-01
31 209 -1.66666666666667e-01
32 32 5.33333333333333e+00
32 8 -1.66666666666667e-01
32 15 -1.66666666666667e-01
32 16 -1.00000000000000e+00
32 17 -1.66666666666667e-01
32 22 -1.66666666666667e-01
32 26 -3.33333333333333e-01
32 27 -3.33333333333333e-01
32 31 -1.66666666666667e-01
32 33 -1.66666666666667e-01
32 42 -3.33333333333333e-01
32 47 -3.33333333333333e-01
32 48 -3.33333333333333e-01
32 65 -1.66666666666667e-01
32 191 -1.66666666666667e-01
32 192 -1.00000000000000e+00
32 193 -1.66666666666667e-01
32 211 -1.66666666666667e-01
33 33 5.00000000000000e+00
33 9 -3.33333333333333e-01
33 17 -3.33333333333333e-01
33 18 -3.33333333333333e-01
33 23 -1.66666666666667e-01
33 27 -3.33333333333333e-01
33 28 -3.33333333333333e-01
33 32 -1.66666666666667e-01
33 43 -3.33333333333333e-01
33 48 -3.33333333333333e-01
33 49 -3.33333333333333e-01
33 66 -1.66666666666667e-01
33 174 -3.33333333333333e-01
33 193 -3.33333333333333e-01
33 194 -3.33333333333333e-01
33 199 -1.66666666666667e-01
33 212 -3.33333333333333e-01
34 34 5.16666666666667e+00
34 0 -1.66666666666667e-01
34 19 -3.33333333333333e-01
34 20 -3.33333333333333e-01
34 24 -3.33333333333333e-01
34 35 -1.66666666666667e-01
34 39 -3.33333333333333e-01
34 40 -3.33333333333333e-01
34 44 -1.66666666666667e-01
34 50 -3.33333333333333e-01
34 51 -3.33333333333333e-01
34 55 -3.33333333333333e-01
34 67 -1.66666666666667e-01
35 35 5.16666666666667e+00
35 1 -1.66666666666667e-01
35 20 -3.33333333333333e-01
35 21 -3.33333333333333e-01
35 25 -3.33333333333333e-01
35 34 -1.66666666666667e-01
35 36 -1.66666666666667e-01
35 40 -3.33333333333333e-01
35 41 -3.33333333333333e-01
35 46 -1.66666666666667e-01
35 51 -3.33333333333333e-01
35 52 -3.33333333333333e-01
35 56 -3.33333333333333e-01
35 68 -1.66666666666667e-01
36 36 5.16666666666667e+00
36 2 -1.66666666666667e-01
36 21 -3.33333333333333e-01
36 22 -3.33333333333333e-01
36 26 -3.33333333333333e-01
36 35 -1.66666666666667e-01
36 37 -1.66666666666667e-01
36 41 -3.33333333333333e-01
36 42 -3.33333333333333e-01
36 47 -1.66666666666667e-01
36 52 -3.33333333333333e-01
36 53 -3.33333333333333e-01
36 57 -3.33333333333333e-01
36 69 -1.66666666666667e-01
37 37 5.16666666666667e+00
37 3 -1.66666666666667e-01
37 22 -3.33333333333333e-01
37 23 -3.33333333333333e-01
37 27 -3.33333333333333e-01
37 36 -1.66666666666667e-01
37 38 -1.66666666666667e-01
37 42 -3.33333333333333e-01
37 43 -3.33333333333333e-01
37 48 -1.66666666666667e-01
37 53 -3.33333333333333e-01
37 54 -3.33333333333333e-01
37 58 -3.33333333333333e-01
37 70 -1.66666666666667e-01
38 38 5.33333333333333e+00
38 4 -1.66666666666667e-01
38 23 -3.33333333333333e-01
38 28 -3.33333333333333e-01
38 37 -1.66666666666667e-01
38 43 -3.33333333333333e-01
38 49 -1.66666666666667e-01
38 54 -3.33333333333333e-01
38 59 -3.33333333333333e-01
38 71 -1.66666666666667e-01
39 39 5.16666666666667e+00
39 5 -1.66666666666667e-01
39 19 -3.33333333333333e-01
39 24 -3.33333333333333e-01
39 29 -3.33333333333333e-01
39 34 -3.33333333333333e-01
39 40 -1.66666666666667e-01
39 44 -3.33333333333333e-01
39 50 -3.33333333333333e-01
39 55 -3.33333333333333e-01
39 60 -3.33333333333333e-01
39 72 -1.66666666666667e-01
39 206 -1.66666666666667e-01
40 40 5.16666666666667e+00
40 6 -1.66666666666667e-01
40 20 -3.33333333333333e-01
40 24 -3.33333333333333e-01
40 25 -3.33333333333333e-01
40 30 -1.66666666666667e-01
40 34 -3.33333333333333e-01
40 35 -3.33333333333333e-01
40 39 -1.66666666666667e-01
40 41 -1.66666666666667e-01
40 44 -1.66666666666667e-01
40 45 -1.00000000000000e+00
40 46 -1.66666666666667e-01
40 51 -3.33333333333333e-01
40 55 -3.33333333333333e-01
40 56 -3.33333333333333e-01
40 62 -1.66666666666667e-01
40 73 -1.66666666666667e-01
41 41 5.00000000000000e+00
41 7 -1.66666666666667e-01
41 21 -3.33333333333333e-01
41 25 -3.33333333333333e-01
41 26 -3.33333333333333e-01
41 31 -3.33333333333333e-01
41 35 -3.33333333333333e-01
41 36 -3.33333333333333e-01
41 40 -1.66666666666667e-01
41 42 -1.66666666666667e-01
41 46 -3.33333333333333e-01
41 47 -3.33333333333333e-01
41 52 -3.33333333333333e-01
41 56 -3.33333333333333e-01
41 57 -3.33333333333333e-01
41 64 -3.33333333333333e-01
41 74 -1.66666666666667e-01
41 209 -1.66666666666667e-01
42 42 5.00000000000000e+00
42 8 -1.66666666666667e-01
42 22 -3.33333333333333e-01
42 26 -3.33333333333333e-01
42 27 -3.33333333333333e-01
42 32 -3.33333333333333e-01
42 36 -3.33333333333333e-01
42 37 -3.33333333333333e-01
42 41 -1.66666666666667e-01
42 43 -1.66666666666667e-01
42 47 -3.33333333333333e-01
42 48 -3.33333333333333e-01
42 53 -3.33333333333333e-01
42 57 -3.33333333333333e-01
42 58 -3.33333333333333e-01
42 65 -3.33333333333333e-01
42 75 -1.66666666666667e-01
42 211 -1.66666666666667e-01
43 43 5.00000000000000e+00
43 9 -1.66666666666667e-01
43 23 -3.33333333333333e-01
43 27 -3.33333333333333e-01
43 28 -3.33333333333333e-01
43 33 -3.33333333333333e-01
43 37 -3.33333333333333e-01
43 38 -3.33333333333333e-01
43 42 -1.66666666666667e-01
43 48 -3.33333333333333e-01
43 49 -3.33333333333333e-01
43 54 -3.33333333333333e-01
43 58 -3.33333333333333e-01
43 59 -3.33333333333333e-01
43 66 -3.33333333333333e-01
43 76 -1.66666666666667e-01
43 212 -1.66666666666667e-01
44 44 5.50000000000000e+00
44 11 -1.66666666666667e-01
44 24 -3.33333333333333e-01
44 29 -3.33333333333333e-01
44 30 -1.66666666666667e-01
44 34 -1.66666666666667e-01
44 39 -3.33333333333333e-01
44 40 -1.66666666666667e-01
44 45 -1.00000000000000e+00
44 55 -1.66666666666667e-01
44 60 -1.66666666666667e-01
44 61 -1.00000000000000e+00
44 187 -1.66666666666667e-01
44 206 -1.66666666666667e-01
44 207 -1.00000000000000e+00
45 45 5.83333333333333e+00
45 30 -1.00000000000000e+00
45 40 -1.00000000000000e+00
45 44 -1.00000000000000e+00
45 46 -1.00000000000000e+00
45 62 -1.00000000000000e+00
45 188 -1.66666666666667e-01
45 207 -1.66666666666667e-01
45 208 -1.66666666666667e-01
45 215 -1.66666666666667e-01
45 226 -1.66666666666667e-01
46 46 5.50000000000000e+00
46 13 -1.66666666666667e-01
46 25 -3.33333333333333e-01
46 30 -1.66666666666667e-01
46 31 -3.33333333333333e-01
46 35 -1.66666666666667e-01
46 40 -1.66666666666667e-01
46 41 -3.33333333333333e-01
46 45 -1.00000000000000e+00
46 47 -1.66666666666667e-01
46 56 -1.66666666666667e-01
46 63 -1.00000000000000e+00
46 64 -1.66666666666667e-01
46 189 -1.66666666666667e-01
46 208 -1.00000000000000e+00
46 209 -1.66666666666667e-01
47 47 5.16666666666667e+00
47 15 -1.66666666666667e-01
47 26 -3.33333333333333e-01
47 31 -3.33333333333333e-01
47 32 -3.33333333333333e-01
47 36 -1.66666666666667e-01
47 41 -3.33333333333333e-01
47 42 -3.33333333333333e-01
47 46 -1.66666666666667e-01
47 48 -1.66666666666667e-01
47 57 -3.33333333333333e-01
47 64 -3.33333333333333e-01
47 65 -3.33333333333333e-01
47 80 -1.66666666666667e-01
47 191 -1.66666666666667e-01
47 209 -1.66666666666667e-01
47 210 -1.00000000000000e+00
47 211 -1.66666666666667e-01
47 228 -1.66666666666667e-01
48 48 5.00000000000000e+00
48 17 -1.66666666666667e-01
48 27 -3.33333333333333e-01
48 32 -3.33333333333333e-01
48 33 -3.33333333333333e-01
48 37 -1.66666666666667e-01
48 42 -3.33333333333333e-01
48 43 -3.33333333333333e-01
48 47 -1.66666666666667e-01
48 49 -1.66666666666667e-01
48 58 -3.33333333333333e-01
48 65 -3.33333333333333e-01
48 66 -3.33333333333333e-01
48 82 -1.66666666666667e-01
48 193 -3.33333333333333e-01
48 211 -3.33333333333333e-01
48 212 -3.33333333333333e-01
48 218 -1.66666666666667e-01
48 230 -3.33333333333333e-01
49 49 5.33333333333333e+00
49 18 -1.66666666666667e-01
49 28 -3.33333333333333e-01
49 33 -3.33333333333333e-01
49 38 -1.66666666666667e-01
49 43 -3.33333333333333e-01
49 48 -1.66666666666667e-01
49 59 -3.33333333333333e-01
49 66 -3.33333333333333e-01
49 83 -1.66666666666667e-01
49 194 -1.66666666666667e-01
49 212 -1.66666666666667e-01
49 213 -1.00000000000000e+00
49 231 -1.66666666666667e-01
50 50 5.33333333333333e+00
50 19 -1.66666666666667e-01
50 34 -3.33333333333333e-01
50 39 -3.33333333333333e-01
50 51 -1.66666666666667e-01
50 55 -3.33333333333333e-01
50 60 -1.66666666666667e-01
50 67 -3.33333333333333e-01
50 72 -3.33333333333333e-01
50 84 -1.66666666666667e-01
51 51 5.16666666666667e+00
51 20 -1.66666666666667e-01
51 34 -3.33333333333333e-01
51 35 -3.33333333333333e-01
51 40 -3.33333333333333e-01
51 50 -1.66666666666667e-01
51 52 -1.66666666666667e-01
51 55 -3.33333333333333e-01
51 56 -3.33333333333333e-01
51 62 -1.66666666666667e-01
51 67 -3.33333333333333e-01
51 68 -3.33333333333333e-01
51 73 -3.33333333333333e-01
51 85 -1.66666666666667e-01
52 52 5.16666666666667e+00
52 21 -1.66666666666667e-01
52 35 -3.33333333333333e-01
52 36 -3.33333333333333e-01
52 41 -3.33333333333333e-01
52 51 -1.66666666666667e-01
52 53 -1.66666666666667e-01
52 56 -3.33333333333333e-01
52 57 -3.33333333333333e-01
52 64 -1.66666666666667e-01
52 68 -3.33333333333333e-01
52 69 -3.33333333333333e-01
52 74 -3.33333333333333e-01
52 86 -1.66666666666667e-01
53 53 5.16666666666667e+00
53 22 -1.66666666666667e-01
53 36 -3.33333333333333e-01
53 37 -3.33333333333333e-01
53 42 -3.33333333333333e-01
53 52 -1.66666666666667e-01
53 54 -1.66666666666667e-01
53 57 -3.33333333333333e-01
53 58 -3.33333333333333e-01
53 65 -1.66666666666667e-01
53 69 -3.33333333333333e-01
53 70 -3.33333333333333e-01
53 75 -3.33333333333333e-01
53 87 -1.66666666666667e-01
54 54 5.16666666666667e+00
54 23 -1.66666666666667e-01
54 37 -3.33333333333333e-01
54 38 -3.33333333333333e-01
54 43 -3.33333333333333e-01
54 53 -1.66666666666667e-01
54 58 -3.33333333333333e-01
54 59 -3.33333333333333e-01
54 66 -1.66666666666667e-01
54 70 -3.33333333333333e-01
54 71 -3.33333333333333e-01
54 76 -3.33333333333333e-01
54 88 -1.66666666666667e-01
55 55 5.16666666666667e+00
55 24 -1.66666666666667e-01
55 34 -3.33333333333333e-01
55 39 -3.33333333333333e-01
55 40 -3.33333333333333e-01
55 44 -1.66666666666667e-01
55 50 -3.33333333333333e-01
55 51 -3.33333333333333e-01
55 56 -1.66666666666667e-01
55 60 -1.66666666666667e-01
55 61 -1.00000000000000e+00
55 62 -1.66666666666667e-01
55 67 -3.33333333333333e-01
55 72 -3.33333333333333e-01
55 73 -3.33333333333333e-01
55 77 -1.66666666666667e-01
55 89 -1.66666666666667e-01
56 56 5.16666666666667e+00
56 25 -1.66666666666667e-01
56 35 -3.33333333333333e-01
56 40 -3.33333333333333e-01
56 41 -3.33333333333333e-01
56 46 -1.66666666666667e-01
56 51 -3.33333333333333e-01
56 52 -3.33333333333333e-01
56 55 -1.66666666666667e-01
56 57 -1.66666666666667e-01
56 62 -1.66666666666667e-01
56 63 -1.00000000000000e+00
56 64 -1.66666666666667e-01
56 68 -3.33333333333333e-01
56 73 -3.33333333333333e-01
56 74 -3.33333333333333e-01
56 79 -1.66666666666667e-01
56 90 -1.66666666666667e-01
57 57 5.00000000000000e+00
57 26 -1.66666666666667e-01
57 36 -3.33333333333333e-01
57 41 -3.33333333333333e-01
57 42 -3.33333333333333e-01
57 47 -3.33333333333333e-01
57 52 -3.33333333333333e-01
57 53 -3.33333333333333e-01
57 56 -1.66666666666667e-01
57 58 -1.66666666666667e-01
57 64 -3.33333333333333e-01
57 65 -3.33333333333333e-01
57 69 -3.33333333333333e-01
57 74 -3.33333333333333e-01
57 75 -3.33333333333333e-01
57 80 -3.33333333333333e-01
57 91 -1.66666666666667e-01
57 228 -1.66666666666667e-01
58 58 5.00000000000000e+00
58 27 -1.66666666666667e-01
58 37 -3.33333333333333e-01
58 42 -3.33333333333333e-01
58 43 -3.33333333333333e-01
58 48 -3.33333333333333e-01
58 53 -3.33333333333333e-01
58 54 -3.33333333333333e-01
58 57 -1.66666666666667e-01
58 59 -1.66666666666667e-01
58 65 -3.33333333333333e-01
58 66 -3.33333333333333e-01
58 70 -3.33333333333333e-01
58 75 -3.33333333333333e-01
58 76 -3.33333333333333e-01
58 82 -3.33333333333333e-01
58 92 -1.66666666666667e-01
58 230 -1.66666666666667e-01
59 59 5.16666666666667e+00
59 28 -1.66666666666667e-01
59 38 -3.33333333333333e-01
59 43 -3.33333333333333e-01
59 49 -3.33333333333333e-01
59 54 -3.33333333333333e-01
59 58 -1.66666666666667e-01
59 66 -3.33333333333333e-01
59 71 -3.33333333333333e-01
59 76 -3.33333333333333e-01
59 83 -3.33333333333333e-01
59 93 -1.66666666666667e-01
59 231 -1.66666666666667e-01
60 60 5.50000000000000e+00
60 29 -1.66666666666667e-01
60 39 -3.33333333333333e-01
60 44 -1.66666666666667e-01
60 50 -1.66666666666667e-01
60 55 -1.66666666666667e-01
60 61 -1.00000000000000e+00
60 72 -3.33333333333333e-01
60 77 -1.66666666666667e-01
60 94 -1.66666666666667e-01
60 206 -1.66666666666667e-01
60 225 -1.00000000000000e+00
60 243 -1.66666666666667e-01
61 61 5.83333333333333e+00
61 44 -1.00000000000000e+00
61 55 -1.00000000000000e+00
61 60 -1.00000000000000e+00
61 62 -1.00000000000000e+00
61 77 -1.00000000000000e+00
61 207 -1.66666666666667e-01
61 225 -1.66666666666667e-01
61 226 -1.66666666666667e-01
61 232 -1.66666666666667e-01
61 244 -1.66666666666667e-01
62 62 5.83333333333333e+00
62 40 -1.66666666666667e-01
62 45 -1.00000000000000e+00
62 51 -1.66666666666667e-01
62 55 -1.66666666666667e-01
62 56 -1.66666666666667e-01
62 61 -1.00000000000000e+00
62 63 -1.00000000000000e+00
62 73 -1.66666666666667e-01
62 78 -1.00000000000000e+00
62 226 -1.00000000000000e+00
63 63 5.83333333333333e+00
63 46 -1.00000000000000e+00
63 56 -1.00000000000000e+00
63 62 -1.00000000000000e+00
63 64 -1.00000000000000e+00
63 79 -1.00000000000000e+00
63 208 -1.66666666666667e-01
63 226 -1.66666666666667e-01
63 227 -1.66666666666667e-01
63 233 -1.66666666666667e-01
63 245 -1.66666666666667e-01
64 64 5.33333333333333e+00
64 31 -1.66666666666667e-01
64 41 -3.33333333333333e-01
64 46 -1.66666666666667e-01
64 47 -3.33333333333333e-01
64 52 -1.66666666666667e-01
64 56 -1.66666666666667e-01
64 57 -3.33333333333333e-01
64 63 -1.00000000000000e+00
64 65 -1.66666666666667e-01
64 74 -3.33333333333333e-01
64 79 -1.66666666666667e-01
64 80 -3.33333333333333e-01
64 97 -1.66666666666667e-01
64 209 -1.66666666666667e-01
64 227 -1.00000000000000e+00
64 228 -1.66666666666667e-01
64 246 -1.66666666666667e-01
65 65 5.33333333333333e+00
65 32 -1.66666666666667e-01
65 42 -3.33333333333333e-01
65 47 -3.33333333333333e-01
65 48 -3.33333333333333e-01
65 53 -1.66666666666667e-01
65 57 -3.33333333333333e-01
65 58 -3.33333333333333e-01
65 64 -1.66666666666667e-01
65 66 -1.66666666666667e-01
65 75 -1.66666666666667e-01
65 80 -1.66666666666667e-01
65 81 -1.00000000000000e+00
65 82 -1.66666666666667e-01
65 211 -1.66666666666667e-01
65 228 -1.66666666666667e-01
65 229 -1.00000000000000e+00
65 230 -1.66666666666667e-01
66 66 5.00000000000000e+00
66 33 -1.66666666666667e-01
66 43 -3.33333333333333e-01
66 48 -3.33333333333333e-01
66 49 -3.33333333333333e-01
66 54 -1.66666666666667e-01
66 58 -3.33333333333333e-01
66 59 -3.33333333333333e-01
66 65 -1.66666666666667e-01
66 76 -3.33333333333333e-01
66 82 -3.33333333333333e-01
66 83 -3.33333333333333e-01
66 100 -1.66666666666667e-01
66 212 -3.33333333333333e-01
66 230 -3.33333333333333e-01
66 231 -3.33333333333333e-01
66 236 -1.66666666666667e-01
66 249 -3.33333333333333e-01
67 67 5.16666666666667e+00
67 34 -1.66666666666667e-01
67 50 -3.33333333333333e-01
67 51 -3.33333333333333e-01
67 55 -3.33333333333333e-01
67 68 -1.66666666666667e-01
67 72 -3.33333333333333e-01
67 73 -3.33333333333333e-01
67 77 -1.66666666666667e-01
67 84 -3.33333333333333e-01
67 85 -3.33333333333333e-01
67 89 -3.33333333333333e-01
67 101 -1.66666666666667e-01
68 68 5.16666666666667e+00
68 35 -1.66666666666667e-01
68 51 -3.33333333333333e-01
68 52 -3.33333333333333e-01
68 56 -3.33333333333333e-01
68 67 -1.66666666666667e-01
68 69 -1.66666666666667e-01
68 73 -3.33333333333333e-01
68 74 -3.33333333333333e-01
68 79 -1.66666666666667e-01
68 85 -3.33333333333333e-01
68 86 -3.33333333333333e-01
68 90 -3.33333333333333e-01
68 102 -1.66666666666667e-01
69 69 5.16666666666667e+00
69 36 -1.66666666666667e-01
69 52 -3.33333333333333e-01
69 53 -3.33333333333333e-01
69 57 -3.33333333333333e-01
69 68 -1.66666666666667e-01
69 70 -1.66666666666667e-01
69 74 -3.33333333333333e-01
69 75 -3.33333333333333e-01
69 80 -1.66666666666667e-01
69 86 -3.33333333333333e-01
69 87 -3.33333333333333e-01
69 91 -3.33333333333333e-01
69 103 -1.66666666666667e-01
70 70 5.16666666666667e+00
70 37 -1.66666666666667e-01
70 53 -3.33333333333333e-01
70 54 -3.33333333333333e-01
70 58 -3.33333333333333e-01
70 69 -1.66666666666667e-01
70 71 -1.66666666666667e-01
70 75 -3.33333333333333e-01
70 76 -3.33333333333333e-01
70 82 -1.66666666666667e-01
70 87 -3.33333333333333e-01
70 88 -3.33333333333333e-01
70 92 -3.33333333333333e-01
70 104 -1.66666666666667e-01
71 71 5.33333333333333e+00
71 38 -1.66666666666667e-01
71 54 -3.33333333333333e-01
71 59 -3.33333333333333e-01
71 70 -1.66666666666667e-01
71 76 -3.33333333333333e-01
71 83 -1.66666666666667e-01
71 88 -3.33333333333333e-01
71 93 -3.33333333333333e-01
71 105 -1.66666666666667e-01
72 72 5.16666666666667e+00
72 39 -1.66666666666667e-01
72 50 -3.33333333333333e-01
72 55 -3.33333333333333e-01
72 60 -3.33333333333333e-01
72 67 -3.33333333333333e-01
72 73 -1.66666666666667e-01
72 77 -3.33333333333333e-01
72 84 -3.33333333333333e-01
72 89 -3.33333333333333e-01
72 94 -3.33333333333333e-01
72 106 -1.66666666666667e-01
72 243 -1.66666666666667e-01
73 73 5.16666666666667e+00
73 40 -1.66666666666667e-01
73 51 -3.33333333333333e-01
73 55 -3.33333333333333e-01
73 56 -3.33333333333333e-01
73 62 -1.66666666666667e-01
73 67 -3.33333333333333e-01
73 68 -3.33333333333333e-01
73 72 -1.66666666666667e-01
73 74 -1.66666666666667e-01
73 77 -1.66666666666667e-01
73 78 -1.00000000000000e+00
73 79 -1.66666666666667e-01
73 85 -3.33333333333333e-01
73 89 -3.33333333333333e-01
73 90 -3.33333333333333e-01
73 96 -1.66666666666667e-01
73 107 -1.66666666666667e-01
74 74 5.00000000000000e+00
74 41 -1.66666666666667e-01
74 52 -3.33333333333333e-01
74 56 -3.33333333333333e-01
74 57 -3.33333333333333e-01
74 64 -3.33333333333333e-01
74 68 -3.33333333333333e-01
74 69 -3.33333333333333e-01
74 73 -1.66666666666667e-01
74 75 -1.66666666666667e-01
74 79 -3.33333333333333e-01
74 80 -3.33333333333333e-01
74 86 -3.33333333333333e-01
74 90 -3.33333333333333e-01
74 91 -3.33333333333333e-01
74 97 -3.33333333333333e-01
74 108 -1.66666666666667e-01
74 246 -1.66666666666667e-01
75 75 5.16666666666667e+00
75 42 -1.66666666666667e-01
75 53 -3.33333333333333e-01
75 57 -3.33333333333333e-01
75 58 -3.33333333333333e-01
75 65 -1.66666666666667e-01
75 69 -3.33333333333333e-01
75 70 -3.33333333333333e-01
75 74 -1.66666666666667e-01
75 76 -1.66666666666667e-01
75 80 -1.66666666666667e-01
75 81 -1.00000000000000e+00
75 82 -1.66666666666667e-01
75 87 -3.33333333333333e-01
75 91 -3.33333333333333e-01
75 92 -3.33333333333333e-01
75 99 -1.66666666666667e-01
75 109 -1.66666666666667e-01
76 76 5.00000000000000e+00
76 43 -1.66666666666667e-01
76 54 -3.33333333333333e-01
76 58 -3.33333333333333e-01
76 59 -3.33333333333333e-01
76 66 -3.33333333333333e-01
76 70 -3.33333333333333e-01
76 71 -3.33333333333333e-01
76 75 -1.66666666666667e-01
76 82 -3.33333333333333e-01
76 83 -3.33333333333333e-01
76 88 -3.33333333333333e-01
76 92 -3.33333333333333e-01
76 93 -3.33333333333333e-01
76 100 -3.33333333333333e-01
76 110 -1.66666666666667e-01
76 249 -1.66666666666667e-01
77 77 5.66666666666667e+00
77 55 -1.66666666666667e-01
77 60 -1.66666666666667e-01
77 61 -1.00000000000000e+00
77 67 -1.66666666666667e-01
77 72 -3.33333333333333e-01
77 73 -1.66666666666667e-01
77 78 -1.00000000000000e+00
77 89 -1.66666666666667e-01
77 94 -1.66666666666667e-01
77 95 -1.00000000000000e+00
77 243 -1.66666666666667e-01
77 244 -1.00000000000000e+00
78 78 5.83333333333333e+00
78 62 -1.00000000000000e+00
78 73 -1.00000000000000e+00
78 77 -1.00000000000000e+00
78 79 -1.00000000000000e+00
78 96 -1.00000000000000e+00
78 226 -1.66666666666667e-01
78 244 -1.66666666666667e-01
78 245 -1.66666666666667e-01
78 252 -1.66666666666667e-01
78 262 -1.66666666666667e-01
79 79 5.50000000000000e+00
79 56 -1.66666666666667e-01
79 63 -1.00000000000000e+00
79 64 -1.66666666666667e-01
79 68 -1.66666666666667e-01
79 73 -1.66666666666667e-01
79 74 -3.33333333333333e-01
79 78 -1.00000000000000e+00
79 80 -1.66666666666667e-01
79 90 -3.33333333333333e-01
79 96 -1.66666666666667e-01
79 97 -3.33333333333333e-01
79 113 -1.66666666666667e-01
79 245 -1.00000000000000e+00
79 246 -1.66666666666667e-01
79 263 -1.66666666666667e-01
80 80 5.50000000000000e+00
80 47 -1.66666666666667e-01
80 57 -3.33333333333333e-01
80 64 -3.33333333333333e-01
80 65 -1.66666666666667e-01
80 69 -1.66666666666667e-01
80 74 -3.33333333333333e-01
80 75 -1.66666666666667e-01
80 79 -1.66666666666667e-01
80 81 -1.00000000000000e+00
80 91 -1.66666666666667e-01
80 97 -1.66666666666667e-01
80 98 -1.00000000000000e+00
80 228 -1.66666666666667e-01
80 246 -1.66666666666667e-01
80 247 -1.00000000000000e+00
81 81 5.83333333333333e+00
81 65 -1.00000000000000e+00
81 75 -1.00000000000000e+00
81 80 -1.00000000000000e+00
81 82 -1.00000000000000e+00
81 99 -1.00000000000000e+00
81 229 -1.66666666666667e-01
81 247 -1.66666666666667e-01
81 248 -1.66666666666667e-01
81 254 -1.66666666666667e-01
81 265 -1.66666666666667e-01
82 82 5.33333333333333e+00
82 48 -1.66666666666667e-01
82 58 -3.33333333333333e-01
82 65 -1.66666666666667e-01
82 66 -3.33333333333333e-01
82 70 -1.66666666666667e-01
82 75 -1.66666666666667e-01
82 76 -3.33333333333333e-01
82 81 -1.00000000000000e+00
82 83 -1.66666666666667e-01
82 92 -3.33333333333333e-01
82 99 -1.66666666666667e-01
82 100 -3.33333333333333e-01
82 115 -1.66666666666667e-01
82 230 -1.66666666666667e-01
82 248 -1.00000000000000e+00
82 249 -1.66666666666667e-01
82 266 -1.66666666666667e-01
83 83 5.33333333333333e+00
83 49 -1.66666666666667e-01
83 59 -3.33333333333333e-01
83 66 -3.33333333333333e-01
83 71 -1.66666666666667e-01
83 76 -3.33333333333333e-01
83 82 -1.66666666666667e-01
83 93 -3.33333333333333e-01
83 100 -3.33333333333333e-01
83 116 -1.66666666666667e-01
83 231 -1.66666666666667e-01
83 249 -1.66666666666667e-01
83 250 -1.00000000000000e+00
83 268 -1.66666666666667e-01
84 84 5.33333333333333e+00
84 50 -1.66666666666667e-01
84 67 -3.33333333333333e-01
84 72 -3.33333333333333e-01
84 85 -1.66666666666667e-01
84 89 -3.33333333333333e-01
84 94 -1.66666666666667e-01
84 101 -3.33333333333333e-01
84 106 -3.33333333333333e-01
84 117 -1.66666666666667e-01
85 85 5.16666666666667e+00
85 51 -1.66666666666667e-01
85 67 -3.33333333333333e-01
85 68 -3.33333333333333e-01
85 73 -3.33333333333333e-01
85 84 -1.66666666666667e-01
85 86 -1.66666666666667e-01
85 89 -3.33333333333333e-01
85 90 -3.33333333333333e-01
85 96 -1.66666666666667e-01
85 101 -3.33333333333333e-01
85 102 -3.33333333333333e-01
85 107 -3.33333333333333e-01
85 118 -1.66666666666667e-01
86 86 5.16666666666667e+00
86 52 -1.66666666666667e-01
86 68 -3.33333333333333e-01
86 69 -3.33333333333333e-01
86 74 -3.33333333333333e-01
86 85 -1.66666666666667e-01
86 87 -1.66666666666667e-01
86 90 -3.33333333333333e-01
86 91 -3.33333333333333e-01
86 97 -1.66666666666667e-01
86 102 -3.33333333333333e-01
86 103 -3.33333333333333e-01
86 108 -3.33333333333333e-01
86 119 -1.66666666666667e-01
87 87 5.16666666666667e+00
87 53 -1.66666666666667e-01
87 69 -3.33333333333333e-01
87 70 -3.33333333333333e-01
87 75 -3.33333333333333e-01
87 86 -1.66666666666667e-01
87 88 -1.66666666666667e-01
87 91 -3.33333333333333e-01
87 92 -3.33333333333333e-01
87 99 -1.66666666666667e-01
87 103 -3.33333333333333e-01
87 104 -3.33333333333333e-01
87 109 -3.33333333333333e-01
87 120 -1.66666666666667e-01
88 88 5.16666666666667e+00
88 54 -1.66666666666667e-01
88 70 -3.33333333333333e-01
88 71 -3.33333333333333e-01
88 76 -3.33333333333333e-01
88 87 -1.66666666666667e-01
88 92 -3.33333333333333e-01
88 93 -3.33333333333333e-01
88 100 -1.66666666666667e-01
88 104 -3.33333333333333e-01
88 105 -3.33333333333333e-01
88 110 -3.33333333333333e-01
88 121 -1.66666666666667e-01
89 89 5.16666666666667e+00
89 55 -1.66666666666667e-01
89 67 -3.33333333333333e-01
89 72 -3.33333333333333e-01
89 73 -3.33333333333333e-01
89 77 -1.66666666666667e-01
89 84 -3.33333333333333e-01
89 85 -3.33333333333333e-01
89 90 -1.66666666666667e-01
89 94 -1.66666666666667e-01
89 95 -1.00000000000000e+00
89 96 -1.66666666666667e-01
89 101 -3.33333333333333e-01
89 106 -3.33333333333333e-01
89 107 -3.33333333333333e-01
89 112 -1.66666666666667e-01
89 122 -1.66666666666667e-01
90 90 5.00000000000000e+00
90 56 -1.66666666666667e-01
90 68 -3.33333333333333e-01
90 73 -3.33333333333333e-01
90 74 -3.33333333333333e-01
90 79 -3.33333333333333e-01
90 85 -3.33333333333333e-01
90 86 -3.33333333333333e-01
90 89 -1.66666666666667e-01
90 91 -1.66666666666667e-01
90 96 -3.33333333333333e-01
90 97 -3.33333333333333e-01
90 102 -3.33333333333333e-01
90 107 -3.33333333333333e-01
90 108 -3.33333333333333e-01
90 113 -3.33333333333333e-01
90 123 -1.66666666666667e-01
90 263 -1.66666666666667e-01
91 91 5.16666666666667e+00
91 57 -1.66666666666667e-01
91 69 -3.33333333333333e-01
91 74 -3.33333333333333e-01
91 75 -3.33333333333333e-01
91 80 -1.66666666666667e-01
91 86 -3.33333333333333e-01
91 87 -3.33333333333333e-01
91 90 -1.66666666666667e-01
91 92 -1.66666666666667e-01
91 97 -1.66666666666667e-01
91 98 -1.00000000000000e+00
91 99 -1.66666666666667e-01
91 103 -3.33333333333333e-01
91 108 -3.33333333333333e-01
91 109 -3.33333333333333e-01
91 114 -1.66666666666667e-01
91 124 -1.66666666666667e-01
92 92 5.00000000000000e+00
92 58 -1.66666666666667e-01
92 70 -3.33333333333333e-01
92 75 -3.33333333333333e-01
92 76 -3.33333333333333e-01
92 82 -3.33333333333333e-01
92 87 -3.33333333333333e-01
92 88 -3.33333333333333e-01
92 91 -1.66666666666667e-01
92 93 -1.66666666666667e-01
92 99 -3.33333333333333e-01
92 100 -3.33333333333333e-01
92 104 -3.33333333333333e-01
92 109 -3.33333333333333e-01
92 110 -3.33333333333333e-01
92 115 -3.33333333333333e-01
92 125 -1.66666666666667e-01
92 266 -1.66666666666667e-01
93 93 5.16666666666667e+00
93 59 -1.66666666666667e-01
93 71 -3.33333333333333e-01
93 76 -3.33333333333333e-01
93 83 -3.33333333333333e-01
93 88 -3.33333333333333e-01
93 92 -1.66666666666667e-01
93 100 -3.33333333333333e-01
93 105 -3.33333333333333e-01
93 110 -3.33333333333333e-01
93 116 -3.33333333333333e-01
93 126 -1.66666666666667e-01
93 268 -1.66666666666667e-01
94 94 5.66666666666667e+00
94 60 -1.66666666666667e-01
94 72 -3.33333333333333e-01
94 77 -1.66666666666667e-01
94 84 -1.66666666666667e-01
94 89 -1.66666666666667e-01
94 95 -1.00000000000000e+00
94 106 -1.66666666666667e-01
94 111 -1.00000000000000e+00
94 243 -1.66666666666667e-01
94 261 -1.00000000000000e+00
95 95 5.83333333333333e+00
95 77 -1.00000000000000e+00
95 89 -1.00000000000000e+00
95 94 -1.00000000000000e+00
95 96 -1.00000000000000e+00
95 112 -1.00000000000000e+00
95 244 -1.66666666666667e-01
95 261 -1.66666666666667e-01
95 262 -1.66666666666667e-01
95 269 -1.66666666666667e-01
95 279 -1.66666666666667e-01
96 96 5.50000000000000e+00
96 73 -1.66666666666667e-01
96 78 -1.00000000000000e+00
96 79 -1.66666666666667e-01
96 85 -1.66666666666667e-01
96 89 -1.66666666666667e-01
96 90 -3.33333333333333e-01
96 95 -1.00000000000000e+00
96 97 -1.66666666666667e-01
96 107 -3.33333333333333e-01
96 112 -1.66666666666667e-01
96 113 -3.33333333333333e-01
96 129 -1.66666666666667e-01
96 262 -1.00000000000000e+00
96 263 -1.66666666666667e-01
96 280 -1.66666666666667e-01
97 97 5.33333333333333e+00
97 64 -1.66666666666667e-01
97 74 -3.33333333333333e-01
97 79 -3.33333333333333e-01
97 80 -1.66666666666667e-01
97 86 -1.66666666666667e-01
97 90 -3.33333333333333e-01
97 91 -1.66666666666667e-01
97 96 -1.66666666666667e-01
97 98 -1.00000000000000e+00
97 108 -3.33333333333333e-01
97 113 -3.33333333333333e-01
97 114 -1.66666666666667e-01
97 131 -1.66666666666667e-01
97 246 -1.66666666666667e-01
97 263 -1.66666666666667e-01
97 264 -1.00000000000000e+00
97 282 -1.66666666666667e-01
98 98 5.83333333333333e+00
98 80 -1.00000000000000e+00
98 91 -1.00000000000000e+00
98 97 -1.00000000000000e+00
98 99 -1.00000000000000e+00
98 114 -1.00000000000000e+00
98 247 -1.66666666666667e-01
98 264 -1.66666666666667e-01
98 265 -1.66666666666667e-01
98 271 -1.66666666666667e-01
98 283 -1.66666666666667e-01
99 99 5.50000000000000e+00
99 75 -1.66666666666667e-01
99 81 -1.00000000000000e+00
99 82 -1.66666666666667e-01
99 87 -1.66666666666667e-01
99 91 -1.66666666666667e-01
99 92 -3.33333333333333e-01
99 98 -1.00000000000000e+00
99 100 -1.66666666666667e-01
99 109 -3.33333333333333e-01
99 114 -1.66666666666667e-01
99 115 -3.33333333333333e-01
99 133 -1.66666666666667e-01
99 265 -1.00000000000000e+00
99 266 -1.66666666666667e-01
99 284 -1.66666666666667e-01
100 100 5.16666666666667e+00
100 66 -1.66666666666667e-01
100 76 -3.33333333333333e-01
100 82 -3.33333333333333e-01
100 83 -3.33333333333333e-01
100 88 -1.66666666666667e-01
100 92 -3.33333333333333e-01
100 93 -3.33333333333333e-01
100 99 -1.66666666666667e-01
100 110 -3.33333333333333e-01
100 115 -3.33333333333333e-01
100 116 -3.33333333333333e-01
100 134 -1.66666666666667e-01
100 249 -1.66666666666667e-01
100 266 -1.66666666666667e-01
100 267 -1.00000000000000e+00
100 268 -1.66666666666667e-01
100 286 -1.66666666666667e-01
101 101 5.16666666666667e+00
101 67 -1.66666666666667e-01
101 84 -3.33333333333333e-01
101 85 -3.33333333333333e-01
101 89 -3.33333333333333e-01
101 102 -1.66666666666667e-01
101 106 -3.33333333333333e-01
101 107 -3.33333333333333e-01
101 112 -1.66666666666667e-01
101 117 -3.33333333333333e-01
101 118 -3.33333333333333e-01
101 122 -3.33333333333333e-01
101 136 -1.66666666666667e-01
102 102 5.16666666666667e+00
102 68 -1.66666666666667e-01
102 85 -3.33333333333333e-01
102 86 -3.33333333333333e-01
102 90 -3.33333333333333e-01
102 101 -1.66666666666667e-01
102 103 -1.66666666666667e-01
102 107 -3.33333333333333e-01
102 108 -3.33333333333333e-01
102 113 -1.66666666666667e-01
102 118 -3.33333333333333e-01
102 119 -3.33333333333333e-01
102 123 -3.33333333333333e-01
102 137 -1.66666666666667e-01
103 103 5.16666666666667e+00
103 69 -1.66666666666667e-01
103 86 -3.33333333333333e-01
103 87 -3.33333333333333e-01
103 91 -3.33333333333333e-01
103 102 -1.66666666666667e-01
103 104 -1.66666666666667e-01
103 108 -3.33333333333333e-01
103 109 -3.33333333333333e-01
103 114 -1.66666666666667e-01
103 119 -3.33333333333333e-01
103 120 -3.33333333333333e-01
103 124 -3.33333333333333e-01
103 138 -1.66666666666667e-01
104 104 5.16666666666667e+00
104 70 -1.66666666666667e-01
104 87 -3.33333333333333e-01
104 88 -3.33333333333333e-01
104 92 -3.33333333333333e-01
104 103 -1.66666666666667e-01
104 105 -1.66666666666667e-01
104 109 -3.33333333333333e-01
104 110 -3.33333333333333e-01
104 115 -1.66666666666667e-01
104 120 -3.33333333333333e-01
104 121 -3.33333333333333e-01
104 125 -3.33333333333333e-01
104 139 -1.66666666666667e-01
105 105 5.33333333333333e+00
105 71 -1.66666666666667e-01
105 88 -3.33333333333333e-01
105 93 -3.33333333333333e-01
105 104 -1.66666666666667e-01
105 110 -3.33333333333333e-01
105 116 -1.66666666666667e-01
105 121 -3.33333333333333e-01
105 126 -3.33333333333333e-01
105 140 -1.66666666666667e-01
106 106 5.33333333333333e+00
106 72 -1.66666666666667e-01
106 84 -3.33333333333333e-01
106 89 -3.33333333333333e-01
106 94 -1.66666666666667e-01
106 101 -3.33333333333333e-01
106 107 -1.66666666666667e-01
106 111 -1.00000000000000e+00
106 112 -1.66666666666667e-01
106 117 -3.33333333333333e-01
106 122 -3.33333333333333e-01
106 127 -1.66666666666667e-01
106 141 -1.66666666666667e-01
107 107 5.00000000000000e+00
107 73 -1.66666666666667e-01
107 85 -3.33333333333333e-01
107 89 -3.33333333333333e-01
107 90 -3.33333333333333e-01
107 96 -3.33333333333333e-01
107 101 -3.33333333333333e-01
107 102 -3.33333333333333e-01
107 106 -1.66666666666667e-01
107 108 -1.66666666666667e-01
107 112 -3.33333333333333e-01
107 113 -3.33333333333333e-01
107 118 -3.33333333333333e-01
107 122 -3.33333333333333e-01
107 123 -3.33333333333333e-01
107 129 -3.33333333333333e-01
107 142 -1.66666666666667e-01
107 280 -1.66666666666667e-01
108 108 5.00000000000000e+00
108 74 -1.66666666666667e-01
108 86 -3.33333333333333e-01
108 90 -3.33333333333333e-01
108 91 -3.33333333333333e-01
108 97 -3.33333333333333e-01
108 102 -3.33333333333333e-01
108 103 -3.33333333333333e-01
108 107 -1.66666666666667e-01
108 109 -1.66666666666667e-01
108 113 -3.33333333333333e-01
108 114 -3.33333333333333e-01
108 119 -3.33333333333333e-01
108 123 -3.33333333333333e-01
108 124 -3.33333333333333e-01
108 131 -3.33333333333333e-01
108 143 -1.66666666666667e-01
108 282 -1.66666666666667e-01
109 109 5.00000000000000e+00
109 75 -1.66666666666667e-01
109 87 -3.33333333333333e-01
109 91 -3.33333333333333e-01
109 92 -3.33333333333333e-01
109 99 -3.33333333333333e-01
109 103 -3.33333333333333e-01
109 104 -3.33333333333333e-01
109 108 -1.66666666666667e-01
109 110 -1.66666666666667e-01
109 114 -3.33333333333333e-01
109 115 -3.33333333333333e-01
109 120 -3.33333333333333e-01
109 124 -3.33333333333333e-01
109 125 -3.33333333333333e-01
109 133 -3.33333333333333e-01
109 144 -1.66666666666667e-01
109 284 -1.66666666666667e-01
110 110 5.00000000000000e+00
110 76 -1.66666666666667e-01
110 88 -3.33333333333333e-01
110 92 -3.33333333333333e-01
110 93 -3.33333333333333e-01
110 100 -3.33333333333333e-01
110 104 -3.33333333333333e-01
110 105 -3.33333333333333e-01
110 109 -1.66666666666667e-01
110 115 -3.33333333333333e-01
110 116 -3.33333333333333e-01
110 121 -3.33333333333333e-01
110 125 -3.33333333333333e-01
110 126 -3.33333333333333e-01
110 134 -3.33333333333333e-01
110 145 -1.66666666666667e-01
110 286 -1.66666666666667e-01
111 111 5.83333333333333e+00
111 94 -1.00000000000000e+00
111 106 -1.00000000000000e+00
111 112 -1.00000000000000e+00
111 127 -1.00000000000000e+00
111 261 -1.66666666666667e-01
111 279 -1.66666666666667e-01
111 288 -1.66666666666667e-01
111 298 -1.66666666666667e-01
112 112 5.66666666666667e+00
112 89 -1.66666666666667e-01
112 95 -1.00000000000000e+00
112 96 -1.66666666666667e-01
112 101 -1.66666666666667e-01
112 106 -1.66666666666667e-01
112 107 -3.33333333333333e-01
112 111 -1.00000000000000e+00
112 113 -1.66666666666667e-01
112 122 -1.66666666666667e-01
112 128 -1.00000000000000e+00
112 129 -1.66666666666667e-01
112 279 -1.00000000000000e+00
112 280 -1.66666666666667e-01
113 113 5.33333333333333e+00
113 79 -1.66666666666667e-01
113 90 -3.33333333333333e-01
113 96 -3.33333333333333e-01
113 97 -3.33333333333333e-01
113 102 -1.66666666666667e-01
113 107 -3.33333333333333e-01
113 108 -3.33333333333333e-01
113 112 -1.66666666666667e-01
113 114 -1.66666666666667e-01
113 123 -1.66666666666667e-01
113 129 -1.66666666666667e-01
113 130 -1.00000000000000e+00
113 131 -1.66666666666667e-01
113 263 -1.66666666666667e-01
113 280 -1.66666666666667e-01
113 281 -1.00000000000000e+00
113 282 -1.66666666666667e-01
114 114 5.50000000000000e+00
114 91 -1.66666666666667e-01
114 97 -1.66666666666667e-01
114 98 -1.00000000000000e+00
114 99 -1.66666666666667e-01
114 103 -1.66666666666667e-01
114 108 -3.33333333333333e-01
114 109 -3.33333333333333e-01
114 113 -1.66666666666667e-01
114 115 -1.66666666666667e-01
114 124 -1.66666666666667e-01
114 131 -1.66666666666667e-01
114 132 -1.00000000000000e+00
114 133 -1.66666666666667e-01
114 282 -1.66666666666667e-01
114 283 -1.00000000000000e+00
114 284 -1.66666666666667e-01
115 115 5.16666666666667e+00
115 82 -1.66666666666667e-01
115 92 -3.33333333333333e-01
115 99 -3.33333333333333e-01
115 100 -3.33333333333333e-01
115 104 -1.66666666666667e-01
115 109 -3.33333333333333e-01
115 110 -3.33333333333333e-01
115 114 -1.66666666666667e-01
115 116 -1.66666666666667e-01
115 125 -3.33333333333333e-01
115 133 -3.33333333333333e-01
115 134 -3.33333333333333e-01
115 151 -1.66666666666667e-01
115 266 -1.66666666666667e-01
115 284 -1.66666666666667e-01
115 285 -1.00000000000000e+00
115 286 -1.66666666666667e-01
115 302 -1.66666666666667e-01
116 116 5.50000000000000e+00
116 83 -1.66666666666667e-01
116 93 -3.33333333333333e-01
116 100 -3.33333333333333e-01
116 105 -1.66666666666667e-01
116 110 -3.33333333333333e-01
116 115 -1.66666666666667e-01
116 126 -1.66666666666667e-01
116 134 -1.66666666666667e-01
116 135 -1.00000000000000e+00
116 268 -1.66666666666667e-01
116 286 -1.66666666666667e-01
116 287 -1.00000000000000e+00
117 117 5.33333333333333e+00
117 84 -1.66666666666667e-01
117 101 -3.33333333333333e-01
117 106 -3.33333333333333e-01
117 118 -1.66666666666667e-01
117 122 -3.33333333333333e-01
117 127 -1.66666666666667e-01
117 136 -3.33333333333333e-01
117 141 -3.33333333333333e-01
117 154 -1.66666666666667e-01
118 118 5.16666666666667e+00
118 85 -1.66666666666667e-01
118 101 -3.33333333333333e-01
118 102 -3.33333333333333e-01
118 107 -3.33333333333333e-01
118 117 -1.66666666666667e-01
118 119 -1.66666666666667e-01
118 122 -3.33333333333333e-01
118 123 -3.33333333333333e-01
118 129 -1.66666666666667e-01
118 136 -3.33333333333333e-01
118 137 -3.33333333333333e-01
118 142 -3.33333333333333e-01
118 155 -1.66666666666667e-01
119 119 5.16666666666667e+00
119 86 -1.66666666666667e-01
119 102 -3.33333333333333e-01
119 103 -3.33333333333333e-01
119 108 -3.33333333333333e-01
119 118 -1.66666666666667e-01
119 120 -1.66666666666667e-01
119 123 -3.33333333333333e-01
119 124 -3.33333333333333e-01
119 131 -1.66666666666667e-01
119 137 -3.33333333333333e-01
119 138 -3.33333333333333e-01
119 143 -3.33333333333333e-01
119 156 -1.66666666666667e-01
120 120 5.16666666666667e+00
120 87 -1.66666666666667e-01
120 103 -3.33333333333333e-01
120 104 -3.33333333333333e-01
120 109 -3.33333333333333e-01
120 119 -1.66666666666667e-01
120 121 -1.66666666666667e-01
120 124 -3.33333333333333e-01
120 125 -3.33333333333333e-01
120 133 -1.66666666666667e-01
120 138 -3.33333333333333e-01
120 139 -3.33333333333333e-01
120 144 -3.33333333333333e-01
120 157 -1.66666666666667e-01
121 121 5.16666666666667e+00
121 88 -1.66666666666667e-01
121 104 -3.33333333333333e-01
121 105 -3.33333333333333e-01
121 110 -3.33333333333333e-01
121 120 -1.66666666666667e-01
121 125 -3.33333333333333e-01
121 126 -3.33333333333333e-01
121 134 -1.66666666666667e-01
121 139 -3.33333333333333e-01
121 140 -3.33333333333333e-01
121 145 -3.33333333333333e-01
121 158 -1.66666666666667e-01
122 122 5.16666666666667e+00
122 89 -1.66666666666667e-01
122 101 -3.33333333333333e-01
122 106 -3.33333333333333e-01
122 107 -3.33333333333333e-01
122 112 -1.66666666666667e-01
122 117 -3.33333333333333e-01
122 118 -3.33333333333333e-01
122 123 -1.66666666666667e-01
122 127 -1.66666666666667e-01
122 128 -1.00000000000000e+00
122 129 -1.66666666666667e-01
122 136 -3.33333333333333e-01
122 141 -3.33333333333333e-01
122 142 -3.33333333333333e-01
122 147 -1.66666666666667e-01
122 159 -1.66666666666667e-01
123 123 5.16666666666667e+00
123 90 -1.66666666666667e-01
123 102 -3.33333333333333e-01
123 107 -3.33333333333333e-01
123 108 -3.33333333333333e-01
123 113 -1.66666666666667e-01
123 118 -3.33333333333333e-01
123 119 -3.33333333333333e-01
123 122 -1.66666666666667e-01
123 124 -1.66666666666667e-01
123 129 -1.66666666666667e-01
123 130 -1.00000000000000e+00
123 131 -1.66666666666667e-01
123 137 -3.33333333333333e-01
123 142 -3.33333333333333e-01
123 143 -3.33333333333333e-01
123 148 -1.66666666666667e-01
123 160 -1.66666666666667e-01
124 124 5.16666666666667e+00
124 91 -1.66666666666667e-01
124 103 -3.33333333333333e-01
124 108 -3.33333333333333e-01
124 109 -3.33333333333333e-01
124 114 -1.66666666666667e-01
124 119 -3.33333333333333e-01
124 120 -3.33333333333333e-01
124 123 -1.66666666666667e-01
124 125 -1.66666666666667e-01
124 131 -1.66666666666667e-01
124 132 -1.00000000000000e+00
124 133 -1.66666666666667e-01
124 138 -3.33333333333333e-01
124 143 -3.33333333333333e-01
124 144 -3.33333333333333e-01
124 150 -1.66666666666667e-01
124 161 -1.66666666666667e-01
125 125 5.00000000000000e+00
125 92 -1.66666666666667e-01
125 104 -3.33333333333333e-01
125 109 -3.33333333333333e-01
125 110 -3.33333333333333e-01
125 115 -3.33333333333333e-01
125 120 -3.33333333333333e-01
125 121 -3.33333333333333e-01
125 124 -1.66666666666667e-01
125 126 -1.66666666666667e-01
125 133 -3.33333333333333e-01
125 134 -3.33333333333333e-01
125 139 -3.33333333333333e-01
125 144 -3.33333333333333e-01
125 145 -3.33333333333333e-01
125 151 -3.33333333333333e-01
125 162 -1.66666666666667e-01
125 302 -1.66666666666667e-01
126 126 5.33333333333333e+00
126 93 -1.66666666666667e-01
126 105 -3.33333333333333e-01
126 110 -3.33333333333333e-01
126 116 -1.66666666666667e-01
126 121 -3.33333333333333e-01
126 125 -1.66666666666667e-01
126 134 -1.66666666666667e-01
126 135 -1.00000000000000e+00
126 140 -3.33333333333333e-01
126 145 -3.33333333333333e-01
126 153 -1.66666666666667e-01
126 163 -1.66666666666667e-01
127 127 5.83333333333333e+00
127 106 -1.66666666666667e-01
127 111 -1.00000000000000e+00
127 117 -1.66666666666667e-01
127 122 -1.66666666666667e-01
127 128 -1.00000000000000e+00
127 141 -1.66666666666667e-01
127 146 -1.00000000000000e+00
127 298 -1.00000000000000e+00
128 128 5.83333333333333e+00
128 112 -1.00000000000000e+00
128 122 -1.00000000000000e+00
128 127 -1.00000000000000e+00
128 129 -1.00000000000000e+00
128 147 -1.00000000000000e+00
128 279 -1.66666666666667e-01
128 298 -1.66666666666667e-01
128 299 -1.66666666666667e-01
128 304 -1.66666666666667e-01
128 315 -1.66666666666667e-01
129 129 5.50000000000000e+00
129 96 -1.66666666666667e-01
129 107 -3.33333333333333e-01
129 112 -1.66666666666667e-01
129 113 -1.66666666666667e-01
129 118 -1.66666666666667e-01
129 122 -1.66666666666667e-01
129 123 -1.66666666666667e-01
129 128 -1.00000000000000e+00
129 130 -1.00000000000000e+00
129 142 -3.33333333333333e-01
129 147 -1.66666666666667e-01
129 148 -1.66666666666667e-01
129 165 -1.66666666666667e-01
129 280 -1.66666666666667e-01
129 299 -1.00000000000000e+00
129 316 -1.66666666666667e-01
130 130 5.83333333333333e+00
130 113 -1.00000000000000e+00
130 123 -1.00000000000000e+00
130 129 -1.00000000000000e+00
130 131 -1.00000000000000e+00
130 148 -1.00000000000000e+00
130 281 -1.66666666666667e-01
130 299 -1.66666666666667e-01
130 300 -1.66666666666667e-01
130 305 -1.66666666666667e-01
130 317 -1.66666666666667e-01
131 131 5.66666666666667e+00
131 97 -1.66666666666667e-01
131 108 -3.33333333333333e-01
131 113 -1.66666666666667e-01
131 114 -1.66666666666667e-01
131 119 -1.66666666666667e-01
131 123 -1.66666666666667e-01
131 124 -1.66666666666667e-01
131 130 -1.00000000000000e+00
131 132 -1.00000000000000e+00
131 143 -1.66666666666667e-01
131 149 -1.00000000000000e+00
131 282 -1.66666666666667e-01
131 300 -1.00000000000000e+00
132 132 5.83333333333333e+00
132 114 -1.00000000000000e+00
132 124 -1.00000000000000e+00
132 131 -1.00000000000000e+00
132 133 -1.00000000000000e+00
132 150 -1.00000000000000e+00
132 283 -1.66666666666667e-01
132 300 -1.66666666666667e-01
132 301 -1.66666666666667e-01
132 306 -1.66666666666667e-01
132 318 -1.66666666666667e-01
133 133 5.33333333333333e+00
133 99 -1.66666666666667e-01
133 109 -3.33333333333333e-01
133 114 -1.66666666666667e-01
133 115 -3.33333333333333e-01
133 120 -1.66666666666667e-01
133 124 -1.66666666666667e-01
133 125 -3.33333333333333e-01
133 132 -1.00000000000000e+00
133 134 -1.66666666666667e-01
133 144 -3.33333333333333e-01
133 150 -1.66666666666667e-01
133 151 -3.33333333333333e-01
133 167 -1.66666666666667e-01
133 284 -1.66666666666667e-01
133 301 -1.00000000000000e+00
133 302 -1.66666666666667e-01
133 319 -1.66666666666667e-01
134 134 5.50000000000000e+00
134 100 -1.66666666666667e-01
134 110 -3.33333333333333e-01
134 115 -3.33333333333333e-01
134 116 -1.66666666666667e-01
134 121 -1.66666666666667e-01
134 125 -3.33333333333333e-01
134 126 -1.66666666666667e-01
134 133 -1.66666666666667e-01
134 135 -1.00000000000000e+00
134 145 -1.66666666666667e-01
134 151 -1.66666666666667e-01
134 152 -1.00000000000000e+00
134 286 -1.66666666666667e-01
134 302 -1.66666666666667e-01
134 303 -1.00000000000000e+00
135 135 5.83333333333333e+00
135 116 -1.00000000000000e+00
135 126 -1.00000000000000e+00
135 134 -1.00000000000000e+00
135 153 -1.00000000000000e+00
135 287 -1.66666666666667e-01
135 303 -1.66666666666667e-01
135 308 -1.66666666666667e-01
135 321 -1.66666666666667e-01
136 136 5.16666666666667e+00
136 101 -1.66666666666667e-01
136 117 -3.33333333333333e-01
136 118 -3.33333333333333e-01
136 122 -3.33333333333333e-01
136 137 -1.66666666666667e-01
136 141 -3.33333333333333e-01
136 142 -3.33333333333333e-01
136 147 -1.66666666666667e-01
136 154 -3.33333333333333e-01
136 155 -3.33333333333333e-01
136 159 -3.33333333333333e-01
137 137 5.16666666666667e+00
137 102 -1.66666666666667e-01
137 118 -3.33333333333333e-01
137 119 -3.33333333333333e-01
137 123 -3.33333333333333e-01
137 136 -1.66666666666667e-01
137 138 -1.66666666666667e-01
137 142 -3.33333333333333e-01
137 143 -3.33333333333333e-01
137 148 -1.66666666666667e-01
137 155 -3.33333333333333e-01
137 156 -3.33333333333333e-01
137 160 -3.33333333333333e-01
138 138 5.16666666666667e+00
138 103 -1.66666666666667e-01
138 119 -3.33333333333333e-01
138 120 -3.33333333333333e-01
138 124 -3.33333333333333e-01
138 137 -1.66666666666667e-01
138 139 -1.66666666666667e-01
138 143 -3.33333333333333e-01
138 144 -3.33333333333333e-01
138 150 -1.66666666666667e-01
138 156 -3.33333333333333e-01
138 157 -3.33333333333333e-01
138 161 -3.33333333333333e-01
139 139 5.16666666666667e+00
139 104 -1.66666666666667e-01
139 120 -3.33333333333333e-01
139 121 -3.33333333333333e-01
139 125 -3.33333333333333e-01
139 138 -1.66666666666667e-01
139 140 -1.66666666666667e-01
139 144 -3.33333333333333e-01
139 145 -3.33333333333333e-01
139 151 -1.66666666666667e-01
139 157 -3.33333333333333e-01
139 158 -3.33333333333333e-01
139 162 -3.33333333333333e-01
140 140 5.33333333333333e+00
140 105 -1.66666666666667e-01
140 121 -3.33333333333333e-01
140 126 -3.33333333333333e-01
140 139 -1.66666666666667e-01
140 145 -3.33333333333333e-01
140 153 -1.66666666666667e-01
140 158 -3.33333333333333e-01
140 163 -3.33333333333333e-01
141 141 5.33333333333333e+00
141 106 -1.66666666666667e-01
141 117 -3.33333333333333e-01
141 122 -3.33333333333333e-01
141 127 -1.66666666666667e-01
141 136 -3.33333333333333e-01
141 142 -1.66666666666667e-01
141 146 -1.00000000000000e+00
141 147 -1.66666666666667e-01
141 154 -3.33333333333333e-01
141 159 -3.33333333333333e-01
141 164 -1.66666666666667e-01
142 142 5.00000000000000e+00
142 107 -1.66666666666667e-01
142 118 -3.33333333333333e-01
142 122 -3.33333333333333e-01
142 123 -3.33333333333333e-01
142 129 -3.33333333333333e-01
142 136 -3.33333333333333e-01
142 137 -3.33333333333333e-01
142 141 -1.66666666666667e-01
142 143 -1.66666666666667e-01
142 147 -3.33333333333333e-01
142 148 -3.33333333333333e-01
142 155 -3.33333333333333e-01
142 159 -3.33333333333333e-01
142 160 -3.33333333333333e-01
142 165 -3.33333333333333e-01
142 316 -1.66666666666667e-01
143 143 5.16666666666667e+00
143 108 -1.66666666666667e-01
143 119 -3.33333333333333e-01
143 123 -3.33333333333333e-01
143 124 -3.33333333333333e-01
143 131 -1.66666666666667e-01
143 137 -3.33333333333333e-01
143 138 -3.33333333333333e-01
143 142 -1.66666666666667e-01
143 144 -1.66666666666667e-01
143 148 -1.66666666666667e-01
143 149 -1.00000000000000e+00
143 150 -1.66666666666667e-01
143 156 -3.33333333333333e-01
143 160 -3.33333333333333e-01
143 161 -3.33333333333333e-01
143 166 -1.66666666666667e-01
144 144 5.00000000000000e+00
144 109 -1.66666666666667e-01
144 120 -3.33333333333333e-01
144 124 -3.33333333333333e-01
144 125 -3.33333333333333e-01
144 133 -3.33333333333333e-01
144 138 -3.33333333333333e-01
144 139 -3.33333333333333e-01
144 143 -1.66666666666667e-01
144 145 -1.66666666666667e-01
144 150 -3.33333333333333e-01
144 151 -3.33333333333333e-01
144 157 -3.33333333333333e-01
144 161 -3.33333333333333e-01
144 162 -3.33333333333333e-01
144 167 -3.33333333333333e-01
144 319 -1.66666666666667e-01
145 145 5.16666666666667e+00
145 110 -1.66666666666667e-01
145 121 -3.33333333333333e-01
145 125 -3.33333333333333e-01
145 126 -3.33333333333333e-01
145 134 -1.66666666666667e-01
145 139 -3.33333333333333e-01
145 140 -3.33333333333333e-01
145 144 -1.66666666666667e-01
145 151 -1.66666666666667e-01
145 152 -1.00000000000000e+00
145 153 -1.66666666666667e-01
145 158 -3.33333333333333e-01
145 162 -3.33333333333333e-01
145 163 -3.33333333333333e-01
145 169 -1.66666666666667e-01
146 146 5.83333333333333e+00
146 127 -1.00000000000000e+00
146 141 -1.00000000000000e+00
146 147 -1.00000000000000e+00
146 164 -1.00000000000000e+00
146 298 -1.66666666666667e-01
146 315 -1.66666666666667e-01
146 322 -1.66666666666667e-01
146 332 -1.66666666666667e-01
147 147 5.50000000000000e+00
147 122 -1.66666666666667e-01
147 128 -1.00000000000000e+00
147 129 -1.66666666666667e-01
147 136 -1.66666666666667e-01
147 141 -1.66666666666667e-01
147 142 -3.33333333333333e-01
147 146 -1.00000000000000e+00
147 148 -1.66666666666667e-01
147 159 -3.33333333333333e-01
147 164 -1.66666666666667e-01
147 165 -3.33333333333333e-01
147 315 -1.00000000000000e+00
147 316 -1.66666666666667e-01
147 333 -1.66666666666667e-01
148 148 5.50000000000000e+00
148 123 -1.66666666666667e-01
148 129 -1.66666666666667e-01
148 130 -1.00000000000000e+00
148 137 -1.66666666666667e-01
148 142 -3.33333333333333e-01
148 143 -1.66666666666667e-01
148 147 -1.66666666666667e-01
148 149 -1.00000000000000e+00
148 160 -3.33333333333333e-01
148 165 -3.33333333333333e-01
148 166 -1.66666666666667e-01
148 316 -1.66666666666667e-01
148 317 -1.00000000000000e+00
148 335 -1.66666666666667e-01
149 149 5.83333333333333e+00
149 131 -1.00000000000000e+00
149 143 -1.00000000000000e+00
149 148 -1.00000000000000e+00
149 150 -1.00000000000000e+00
149 166 -1.00000000000000e+00
149 300 -1.66666666666667e-01
149 317 -1.66666666666667e-01
149 318 -1.66666666666667e-01
149 324 -1.66666666666667e-01
149 336 -1.66666666666667e-01
150 150 5.50000000000000e+00
150 124 -1.66666666666667e-01
150 132 -1.00000000000000e+00
150 133 -1.66666666666667e-01
150 138 -1.66666666666667e-01
150 143 -1.66666666666667e-01
150 144 -3.33333333333333e-01
150 149 -1.00000000000000e+00
150 151 -1.66666666666667e-01
150 161 -3.33333333333333e-01
150 166 -1.66666666666667e-01
150 167 -3.33333333333333e-01
150 318 -1.00000000000000e+00
150 319 -1.66666666666667e-01
150 337 -1.66666666666667e-01
151 151 5.50000000000000e+00
151 115 -1.66666666666667e-01
151 125 -3.33333333333333e-01
151 133 -3.33333333333333e-01
151 134 -1.66666666666667e-01
151 139 -1.66666666666667e-01
151 144 -3.33333333333333e-01
151 145 -1.66666666666667e-01
151 150 -1.66666666666667e-01
151 152 -1.00000000000000e+00
151 162 -1.66666666666667e-01
151 167 -1.66666666666667e-01
151 168 -1.00000000000000e+00
151 302 -1.66666666666667e-01
151 319 -1.66666666666667e-01
151 320 -1.00000000000000e+00
152 152 5.83333333333333e+00
152 134 -1.00000000000000e+00
152 145 -1.00000000000000e+00
152 151 -1.00000000000000e+00
152 153 -1.00000000000000e+00
152 169 -1.00000000000000e+00
152 303 -1.66666666666667e-01
152 320 -1.66666666666667e-01
152 321 -1.66666666666667e-01
152 326 -1.66666666666667e-01
152 339 -1.66666666666667e-01
153 153 5.66666666666667e+00
153 126 -1.66666666666667e-01
153 135 -1.00000000000000e+00
153 140 -1.66666666666667e-01
153 145 -1.66666666666667e-01
153 152 -1.00000000000000e+00
153 163 -3.33333333333333e-01
153 169 -1.66666666666667e-01
153 321 -1.00000000000000e+00
153 340 -1.66666666666667e-01
154 154 5.50000000000000e+00
154 117 -1.66666666666667e-01
154 136 -3.33333333333333e-01
154 141 -3.33333333333333e-01
154 155 -1.66666666666667e-01
154 159 -3.33333333333333e-01
154 164 -1.66666666666667e-01
155 155 5.33333333333333e+00
155 118 -1.66666666666667e-01
155 136 -3.33333333333333e-01
155 137 -3.33333333333333e-01
155 142 -3.33333333333333e-01
155 154 -1.66666666666667e-01
155 156 -1.66666666666667e-01
155 159 -3.33333333333333e-01
155 160 -3.33333333333333e-01
155 165 -1.66666666666667e-01
156 156 5.33333333333333e+00
156 119 -1.66666666666667e-01
156 137 -3.33333333333333e-01
156 138 -3.33333333333333e-01
156 143 -3.33333333333333e-01
156 155 -1.66666666666667e-01
156 157 -1.66666666666667e-01
156 160 -3.33333333333333e-01
156 161 -3.33333333333333e-01
156 166 -1.66666666666667e-01
157 157 5.33333333333333e+00
157 120 -1.66666666666667e-01
157 138 -3.33333333333333e-01
157 139 -3.33333333333333e-01
157 144 -3.33333333333333e-01
157 156 -1.66666666666667e-01
157 158 -1.66666666666667e-01
157 161 -3.33333333333333e-01
157 162 -3.33333333333333e-01
157 167 -1.66666666666667e-01
158 158 5.33333333333333e+00
158 121 -1.66666666666667e-01
158 139 -3.33333333333333e-01
158 140 -3.33333333333333e-01
158 145 -3.33333333333333e-01
158 157 -1.66666666666667e-01
158 162 -3.33333333333333e-01
158 163 -3.33333333333333e-01
158 169 -1.66666666666667e-01
159 159 5.16666666666667e+00
159 122 -1.66666666666667e-01
159 136 -3.33333333333333e-01
159 141 -3.33333333333333e-01
159 142 -3.33333333333333e-01
159 147 -3.33333333333333e-01
159 154 -3.33333333333333e-01
159 155 -3.33333333333333e-01
159 160 -1.66666666666667e-01
159 164 -3.33333333333333e-01
159 165 -3.33333333333333e-01
159 333 -1.66666666666667e-01
160 160 5.16666666666667e+00
160 123 -1.66666666666667e-01
160 137 -3.33333333333333e-01
160 142 -3.33333333333333e-01
160 143 -3.33333333333333e-01
160 148 -3.33333333333333e-01
160 155 -3.33333333333333e-01
160 156 -3.33333333333333e-01
160 159 -1.66666666666667e-01
160 161 -1.66666666666667e-01
160 165 -3.33333333333333e-01
160 166 -3.33333333333333e-01
160 335 -1.66666666666667e-01
161 161 5.16666666666667e+00
161 124 -1.66666666666667e-01
161 138 -3.33333333333333e-01
161 143 -3.33333333333333e-01
161 144 -3.33333333333333e-01
161 150 -3.33333333333333e-01
161 156 -3.33333333333333e-01
161 157 -3.33333333333333e-01
161 160 -1.66666666666667e-01
161 162 -1.66666666666667e-01
161 166 -3.33333333333333e-01
161 167 -3.33333333333333e-01
161 337 -1.66666666666667e-01
162 162 5.33333333333333e+00
162 125 -1.66666666666667e-01
162 139 -3.33333333333333e-01
162 144 -3.33333333333333e-01
162 145 -3.33333333333333e-01
162 151 -1.66666666666667e-01
162 157 -3.33333333333333e-01
162 158 -3.33333333333333e-01
162 161 -1.66666666666667e-01
162 163 -1.66666666666667e-01
162 167 -1.66666666666667e-01
162 168 -1.00000000000000e+00
162 169 -1.66666666666667e-01
163 163 5.33333333333333e+00
163 126 -1.66666666666667e-01
163 140 -3.33333333333333e-01
163 145 -3.33333333333333e-01
163 153 -3.33333333333333e-01
163 158 -3.33333333333333e-01
163 162 -1.66666666666667e-01
163 169 -3.33333333333333e-01
163 340 -1.66666666666667e-01
164 164 5.66666666666667e+00
164 141 -1.66666666666667e-01
164 146 -1.00000000000000e+00
164 147 -1.66666666666667e-01
164 154 -1.66666666666667e-01
164 159 -3.33333333333333e-01
164 165 -1.66666666666667e-01
164 332 -1.00000000000000e+00
164 333 -1.66666666666667e-01
165 165 5.33333333333333e+00
165 129 -1.66666666666667e-01
165 142 -3.33333333333333e-01
165 147 -3.33333333333333e-01
165 148 -3.33333333333333e-01
165 155 -1.66666666666667e-01
165 159 -3.33333333333333e-01
165 160 -3.33333333333333e-01
165 164 -1.66666666666667e-01
165 166 -1.66666666666667e-01
165 316 -1.66666666666667e-01
165 333 -1.66666666666667e-01
165 334 -1.00000000000000e+00
165 335 -1.66666666666667e-01
166 166 5.50000000000000e+00
166 143 -1.66666666666667e-01
166 148 -1.66666666666667e-01
166 149 -1.00000000000000e+00
166 150 -1.66666666666667e-01
166 156 -1.66666666666667e-01
166 160 -3.33333333333333e-01
166 161 -3.33333333333333e-01
166 165 -1.66666666666667e-01
166 167 -1.66666666666667e-01
166 335 -1.66666666666667e-01
166 336 -1.00000000000000e+00
166 337 -1.66666666666667e-01
167 167 5.50000000000000e+00
167 133 -1.66666666666667e-01
167 144 -3.33333333333333e-01
167 150 -3.33333333333333e-01
167 151 -1.66666666666667e-01
167 157 -1.66666666666667e-01
167 161 -3.33333333333333e-01
167 162 -1.66666666666667e-01
167 166 -1.66666666666667e-01
167 168 -1.00000000000000e+00
167 319 -1.66666666666667e-01
167 337 -1.66666666666667e-01
167 338 -1.00000000000000e+00
168 168 5.83333333333333e+00
168 151 -1.00000000000000e+00
168 162 -1.00000000000000e+00
168 167 -1.00000000000000e+00
168 169 -1.00000000000000e+00
168 320 -1.66666666666667e-01
168 338 -1.66666666666667e-01
168 339 -1.66666666666667e-01
168 344 -1.66666666666667e-01
169 169 5.66666666666667e+00
169 145 -1.66666666666667e-01
169 152 -1.00000000000000e+00
169 153 -1.66666666666667e-01
169 158 -1.66666666666667e-01
169 162 -1.66666666666667e-01
169 163 -3.33333333333333e-01
169 168 -1.00000000000000e+00
169 339 -1.00000000000000e+00
169 340 -1.66666666666667e-01
