89 188 89 188
89 89 5.28016871939678e+00
89 90 -1.90857658822576e-01
89 93 -3.93650611874354e-01
89 94 -1.40289900212600e-02
89 99 -7.70370370370371e-02
89 100 -1.07407407407407e+00
89 101 -2.01341303960104e-01
89 103 -2.04612731849076e-01
89 104 -3.16780779448635e-02
89 110 -3.70370370370371e-02
89 115 -1.77873026884473e-02
89 118 -1.23074089542550e-02
89 0 -1.01317663817664e-02
89 4 -4.02006172839506e-02
89 7 -4.00000000000000e-02
89 8 -3.39822728711618e-01
89 9 -3.52707519952288e-01
89 15 -7.31208392088022e-02
89 18 -7.40740740740741e-02
89 23 -4.15263748597082e-02
89 24 -6.73400673400674e-03
89 190 -3.14208280144062e-02
89 195 -1.16622345550545e-02
89 198 -1.10686711189660e-02
90 90 5.44089576069858e+00
90 89 -1.90857658822576e-01
90 91 -1.05203703703704e+00
90 93 -1.65533666351267e-02
90 94 -1.88191706327577e-01
90 96 -7.61889621150807e-03
90 101 -3.68469314838115e-01
90 102 -5.20370370370371e-02
90 103 -3.69927788435296e-02
90 104 -3.67173361829412e-01
90 105 -5.07765830346476e-02
90 112 -2.27272727272728e-02
90 115 -3.45910584706978e-02
90 116 -3.10606060606061e-02
90 118 -2.65691962606140e-02
90 123 -2.00320512820513e-02
90 126 -1.87500000000000e-02
90 9 -1.89361092716972e-01
90 10 -1.05961640211640e+00
90 14 -1.80621693121693e-02
90 15 -9.11295494628829e-03
90 24 -7.23622750706083e-02
90 25 -1.28703703703704e-02
90 190 -3.84680690019871e-02
90 192 -9.46023146607855e-03
90 194 -9.79271849025579e-03
91 91 5.45310659137673e+00
91 90 -1.05203703703704e+00
91 94 -1.00000000000000e+00
91 95 -1.79320489844683e-01
91 101 -5.76936026936027e-02
91 102 -3.78667107067612e-01
91 104 -5.20370370370371e-02
91 105 -1.74708905814417e-01
91 112 -5.67676767676768e-02
91 116 -5.67676767676768e-02
91 1 -1.84281909597770e-02
91 2 -2.45570923420819e-02
91 4 -1.06729860834550e-02
91 10 -1.95228132052303e-01
91 13 -7.70812867826010e-03
91 14 -2.38044752551141e-02
91 15 -7.95301481561936e-03
91 19 -1.69719971373270e-02
91 24 -1.74444556501897e-01
91 25 -4.26724276088437e-02
91 27 -9.16182131952742e-03
91 30 -1.85867162263817e-02
92 92 5.35073862746415e+00
92 93 -2.29917662901270e-02
92 97 -2.08770134706197e-01
92 98 -6.60199407729470e-02
92 99 -3.47112717421273e-02
92 107 1.27475551921244e-02
92 108 -7.32469633384443e-02
92 109 -5.68410873110694e-02
92 113 -2.11794134522850e-01
92 114 -1.62239087971518e-02
92 117 -4.54184531293459e-02
92 119 -3.69931288505691e-03
92 120 -2.08934782196431e-02
92 137 -6.31272653779591e-03
92 140 -3.01902605494350e-02
92 3 -3.82128647214854e-02
92 5 -9.97382080973892e-02
92 6 -2.70668611459455e-02
92 7 -1.59602977667494e-02
92 16 -1.11459828059930e-01
92 21 -3.53430619559652e-03
92 189 -2.19956376825457e-01
92 191 -3.30650942305469e-02
92 196 -8.58728985862281e-02
92 247 -3.69576283706530e-02
93 93 5.22286902256771e+00
93 89 -3.93650611874354e-01
93 90 -1.65533666351267e-02
93 92 -2.29917662901270e-02
93 94 -1.09379166165252e-02
93 97 -3.31135702383950e-02
93 98 -6.66756087110295e-02
93 99 -2.19455435524386e-01
93 100 -7.37728020175685e-02
93 101 -1.93499496225823e-02
93 103 -4.28833337251094e-01
93 104 -3.29199229745640e-02
93 107 -4.38058229512828e-02
93 109 -9.52451626331277e-03
93 110 -8.10881919416541e-02
93 113 -2.09457641037819e-02
93 114 -2.35593753516805e-01
93 115 -3.17491069606073e-02
93 117 -3.45469706179674e-02
93 118 -3.38027301830836e-02
93 120 -2.67508474690068e-02
93 125 -2.04575240695754e-02
93 138 -8.60763287015876e-03
93 5 -1.55831265508685e-02
93 6 -2.89231010083383e-02
93 7 -5.73663824513754e-02
93 8 -2.05679012345679e-01
93 9 -7.22626893282460e-03
93 18 -7.37728020175685e-02
93 22 -7.31538992408559e-03
93 189 -2.98354337688365e-02
93 190 -4.28163181758875e-02
93 191 -3.88971273509479e-02
93 192 -9.42256703814605e-03
93 195 -8.62067298398907e-02
93 197 -5.35032752997264e-02
93 198 -7.12977697602615e-02
93 200 -7.93963560147136e-03
93 245 -2.84348864994026e-03
93 246 -1.19759509769916e-02
94 94 5.63771395982758e+00
94 89 -1.40289900212600e-02
94 90 -1.88191706327577e-01
94 91 -1.00000000000000e+00
94 93 -1.09379166165252e-02
94 95 -1.00000000000000e+00
94 96 -2.22174191621382e-01
94 101 -1.48401411668841e-02
94 103 -2.72936747828973e-02
94 104 -2.05005319844822e-01
94 105 -1.05528673835125e+00
94 115 -1.21499320042504e-02
94 118 -8.45240509237958e-02
94 9 -6.41692681234825e-03
94 190 -4.71814145475510e-02
94 192 -2.93592071121431e-02
94 193 -1.20298887659276e-02
94 194 -6.60536725963366e-02
94 199 -4.97442680776014e-03
94 202 -4.55731922398589e-03
94 248 -5.78369460089890e-03
95 95 5.82311267921147e+00
95 91 -1.79320489844683e-01
95 94 -1.00000000000000e+00
95 96 -1.00000000000000e+00
95 102 -1.79320489844683e-01
95 106 -1.00000000000000e+00
95 2 -7.56048387096774e-03
95 10 -8.03614097968937e-03
95 14 -4.71475507765830e-03
95 25 -8.31802568697730e-03
96 96 5.49569998176418e+00
96 90 -7.61889621150807e-03
96 94 -2.22174191621382e-01
96 95 -1.00000000000000e+00
96 103 -1.62091113616218e-02
96 104 -6.13367050186553e-02
96 105 -4.72240890083631e-02
96 106 -2.12618644630293e-01
96 112 -7.39247311827957e-03
96 115 -8.77489650377051e-03
96 116 -5.16670815080314e-02
96 118 2.07956096286948e-03
96 128 -1.63466805961603e-02
96 129 -6.35394035827613e-02
96 190 -5.94338532002966e-02
96 192 -7.06806499558624e-02
96 193 -2.01162346504872e-01
96 194 -3.45263920642415e-01
96 199 -3.29750112561565e-02
96 202 -2.75351098790514e-02
96 206 -2.91546687661846e-03
96 248 -1.28362876155974e-02
97 97 5.22326999288163e+00
97 92 -2.08770134706197e-01
97 93 -3.31135702383950e-02
97 98 -1.11181499205693e+00
97 99 -2.02855196333458e-02
97 107 -1.63562737197513e-01
97 108 -1.88161404737294e-01
97 109 -1.06449074074074e+00
97 113 -1.22217411728674e-01
97 114 -1.23936047849092e-02
97 117 -2.92264780308259e-02
97 120 -2.31216931216931e-02
97 140 -2.11904761904762e-02
97 3 -2.62896851334236e-02
97 5 -3.78303405106290e-01
97 6 -5.13647642679901e-02
97 11 -1.50736402685327e-02
97 12 -2.13847026975241e-02
97 16 -3.80133960241088e-01
97 17 -1.78364197530864e-01
97 20 -1.79862320077374e-01
97 28 -1.22323391982111e-02
97 189 -4.45649803992407e-02
97 196 -4.57281753388539e-02
97 247 -6.94444444444445e-03
98 98 5.43754929094298e+00
98 92 -6.60199407729470e-02
98 93 -6.66756087110295e-02
98 97 -1.11181499205693e+00
98 99 -1.16762995985366e+00
98 107 -3.09904205704573e-01
98 109 -1.87311043652826e-01
98 110 -5.11243386243387e-02
98 113 -5.69089238642490e-02
98 114 -3.80325833413725e-02
98 117 -6.33212583953957e-02
98 120 -2.40746403579353e-01
98 140 -2.90890967498111e-02
98 5 -4.91315136476427e-02
98 6 -1.66274108209592e-01
98 7 -5.10967741935484e-02
98 17 -1.00000000000000e+00
98 21 -1.76538780386707e-01
98 22 -5.11243386243387e-02
98 189 -1.13851312290438e-02
98 191 -1.18822985316222e-02
98 196 -8.78512639623752e-03
98 201 -1.08295120517343e-02
99 99 5.03890339234970e+00
99 89 -7.70370370370371e-02
99 92 -3.47112717421273e-02
99 93 -2.19455435524386e-01
99 97 -2.02855196333458e-02
99 98 -1.16762995985366e+00
99 100 -1.83159778135624e-01
99 103 -1.03014552394585e-01
99 107 -1.70176549111834e-01
99 109 -6.22095698182655e-02
99 110 -3.50649713723385e-01
99 113 -2.51207729468599e-02
99 114 -1.80264533813613e-01
99 117 -1.69080974053746e-01
99 120 -5.37166436622956e-02
99 121 -5.20970575318402e-02
99 131 -5.48007246376812e-02
99 138 -1.33124725516030e-02
99 0 -1.72316094896740e-02
99 6 -5.33354910634013e-02
99 7 -3.60301449275362e-01
99 8 -7.96011396011397e-02
99 12 -2.09529381757058e-02
99 15 -1.16184896346187e-02
99 17 -1.78376543209877e-01
99 18 -3.63179406058477e-01
99 21 -5.18633540372671e-02
99 22 -3.47102156103208e-01
99 26 -4.80207088809240e-03
99 29 -1.12193961476336e-02
99 34 -4.71014492753624e-02
99 191 -2.76395715185886e-02
99 195 -2.28347608267793e-02
99 198 -1.87564859545536e-02
100 100 5.64995296884186e+00
100 89 -1.07407407407407e+00
100 93 -7.37728020175685e-02
100 99 -1.83159778135624e-01
100 101 -1.04545454545455e+00
100 103 -1.04375759357241e+00
100 107 -1.19982278114323e-02
100 110 -1.64609053497942e-01
100 111 -1.00000000000000e+00
100 114 -4.62654107984221e-02
100 117 -1.07605926607537e-02
100 8 -7.40740740740741e-02
100 9 -8.24915824915825e-02
100 15 -2.04264870931538e-01
100 18 -3.31275720164609e-01
100 23 -1.86868686868687e-01
100 24 -3.03030303030303e-02
101 101 5.08098705110420e+00
101 89 -2.01341303960104e-01
101 90 -3.68469314838115e-01
101 91 -5.76936026936027e-02
101 93 -1.93499496225823e-02
101 94 -1.48401411668841e-02
101 100 -1.04545454545455e+00
101 102 -5.76936026936027e-02
101 103 -2.08575529192291e-01
101 104 -3.97199887039088e-01
101 105 -5.09048821548822e-02
101 111 -1.80423764269918e-01
101 112 -3.32167832167833e-02
101 115 -3.87196634155243e-01
101 116 -4.92424242424243e-02
101 118 -3.88959820703592e-02
101 123 -2.23203131367467e-01
101 126 -3.69902319902320e-02
101 134 -2.00320512820513e-02
101 1 -1.24684343434344e-02
101 4 -6.53468445135112e-02
101 9 -3.58671476779981e-01
101 10 -1.23930976430977e-01
101 13 -8.13628809462144e-02
101 14 -3.95917508417509e-02
101 15 -6.60759498638286e-02
101 18 -4.54545454545455e-02
101 23 -1.22530903439994e-01
101 24 -2.50386858619667e-01
101 25 -1.98905723905724e-02
101 30 -5.46556571935360e-02
101 41 -2.28862047043866e-02
101 190 -4.12233551788414e-02
101 192 -8.85433126501459e-03
101 194 -4.52314814814815e-03
101 195 -6.59259259259260e-03
101 198 -1.21494708994709e-02
101 249 -5.69444444444445e-03
102 102 5.44022692757845e+00
102 90 -5.20370370370371e-02
102 91 -3.78667107067612e-01
102 95 -1.79320489844683e-01
102 101 -5.76936026936027e-02
102 104 -5.20370370370371e-02
102 105 -1.74708905814417e-01
102 106 -1.00000000000000e+00
102 112 -1.05676767676768e+00
102 116 -5.67676767676768e-02
102 1 -1.35264682172634e-02
102 2 -2.45570923420819e-02
102 10 -3.69163426354149e-02
102 13 -6.08726049825214e-03
102 14 -2.21443989457141e-02
102 15 -6.94146563202717e-03
102 19 -1.67602192824690e-02
102 24 -1.74539339456895e-01
102 25 -1.96340134858237e-01
102 27 -1.31622838007391e-02
102 30 -2.09932115180660e-02
103 103 5.17775540799547e+00
103 89 -2.04612731849076e-01
103 90 -3.69927788435296e-02
103 93 -4.28833337251094e-01
103 94 -2.72936747828973e-02
103 96 -1.62091113616218e-02
103 99 -1.03014552394585e-01
103 100 -1.04375759357241e+00
103 101 -2.08575529192291e-01
103 104 -2.30482530323529e-01
103 107 -9.03646987382344e-02
103 110 -4.37575935724084e-02
103 111 -1.84916605033092e-01
103 114 -4.16440939309020e-01
103 115 -4.07629685285920e-01
103 117 -8.08107695923868e-02
103 118 -8.53361764628729e-02
103 125 -2.28171237755689e-01
103 138 -2.13201499118166e-02
103 9 -1.50880641307280e-02
103 18 -4.37575935724084e-02
103 190 1.51025885194456e-02
103 191 -7.25233928305784e-02
103 192 -5.93905819354245e-02
103 194 -2.20809670781893e-02
103 195 -5.00698663417418e-02
103 197 -2.27352196917415e-02
103 198 -5.23329574566517e-02
103 200 -2.34271751910641e-02
103 203 -7.80891975308643e-02
103 205 -1.21708847736626e-02
103 246 -1.66459937565036e-02
103 249 -8.74477366255145e-02
103 251 -3.36689300411523e-02
104 104 5.06620394146776e+00
104 89 -3.16780779448635e-02
104 90 -3.67173361829412e-01
104 91 -5.20370370370371e-02
104 93 -3.29199229745640e-02
104 94 -2.05005319844822e-01
104 96 -6.13367050186553e-02
104 101 -3.97199887039088e-01
104 102 -5.20370370370371e-02
104 103 -2.30482530323529e-01
104 105 -1.11178208738693e+00
104 111 -1.88015194681862e-02
104 112 -3.18181818181819e-02
104 115 -4.01252039652494e-01
104 116 -2.08674148896371e-01
104 118 -4.23748616334999e-01
104 123 -3.71780626780627e-02
104 125 -1.16767489711934e-02
104 126 -1.97342151675485e-01
104 134 -1.87500000000000e-02
104 9 -2.49328901722242e-02
104 10 -5.96164021164022e-02
104 14 -1.80621693121693e-02
104 15 -9.11295494628829e-03
104 24 -1.40077892786226e-01
104 25 -1.28703703703704e-02
104 190 -6.21307323659157e-02
104 192 -2.71761069202029e-02
104 193 -1.13965855917527e-02
104 194 -6.89074117355220e-02
104 195 -2.65004115226338e-02
104 198 -4.13916225749559e-02
104 199 -1.24446208112875e-02
104 202 -2.07410346854791e-02
104 203 -2.21638888888889e-02
104 248 -8.50852439741329e-03
104 249 -4.52434156378601e-02
105 105 5.61162706996862e+00
105 90 -5.07765830346476e-02
105 91 -1.74708905814417e-01
105 94 -1.05528673835125e+00
105 96 -4.72240890083631e-02
105 101 -5.09048821548822e-02
105 102 -1.74708905814417e-01
105 104 -1.11178208738693e+00
105 106 -1.04764038231780e+00
105 112 -5.31932225480613e-02
105 115 -5.62500000000001e-03
105 116 -1.10383539698056e+00
105 118 -7.37542136030038e-02
105 129 -6.46697388632873e-02
105 2 -5.68623058542414e-03
105 10 -8.03959601562648e-03
105 14 -7.12958221918796e-03
105 24 -1.37445397537990e-01
105 25 -9.76647394322125e-03
105 30 -6.06212032137958e-03
105 190 -4.82647422768391e-02
105 192 -4.73440433521079e-02
105 193 -1.39358252261478e-02
105 194 -7.27727641235706e-02
105 199 -2.46300563236047e-02
105 202 -2.02910052910053e-02
105 248 -5.42328042328043e-03
106 106 5.64251976403670e+00
106 95 -1.00000000000000e+00
106 96 -2.12618644630293e-01
106 102 -1.00000000000000e+00
106 105 -1.04764038231780e+00
106 112 -1.77419354838710e-01
106 116 -1.89101287667596e-01
106 118 -6.11185782556751e-02
106 128 -1.90057755094175e-01
106 129 -2.86967756617427e-02
106 194 -2.38016651464738e-01
106 199 -1.59470985115568e-02
106 202 -8.31903373237632e-03
106 206 -4.48533365633609e-03
107 107 5.82635508895787e+00
107 92 1.27475551921245e-02
107 93 -4.38058229512828e-02
107 97 -1.63562737197513e-01
107 98 -3.09904205704573e-01
107 99 -1.70176549111834e-01
107 100 -1.19982278114323e-02
107 103 -9.03646987382344e-02
107 108 -1.42318625633420e-02
107 109 -1.25181427525668e-01
107 110 -3.69292146989410e-02
107 113 -7.07100583124909e-02
107 114 -7.05805765414006e-02
107 115 -6.31639231824417e-03
107 117 -5.29510817498020e-01
107 118 -6.70274348422497e-03
107 119 -2.52225384083568e-02
107 120 -1.30392755810869e-01
107 121 -1.28676690331625e-02
107 125 -1.75234238714110e-02
107 131 -2.38715306305024e-02
107 137 -4.74682274795814e-02
107 138 -3.28341666691563e-02
107 140 -2.11198972689417e-01
107 142 -1.01586461745192e-02
107 148 -2.93441709480357e-02
107 5 -4.01916184174249e-02
107 6 -1.09485843933657e-02
107 7 -3.66895077806719e-02
107 16 -1.42318625633420e-02
107 18 -1.19982278114323e-02
107 21 -2.21257854325376e-02
107 22 -2.49309868875087e-02
107 32 -9.75850340136055e-03
107 34 -5.86118505373164e-03
107 189 -2.26178456297305e-02
107 190 -7.08250865988622e-02
107 191 1.65147497831818e-02
107 195 -1.21232379388623e-01
107 196 -2.65913035365955e-01
107 197 -2.01897714471375e-01
107 198 -1.17202557378056e-01
107 200 -1.47499304756793e-01
107 201 -4.34397245995416e-03
107 204 -2.95291539735984e-02
107 211 -1.20235423013201e-02
107 245 -3.67557697044645e-02
107 247 -2.45789355384423e-01
107 250 -6.29123516605986e-02
108 108 5.65002700453621e+00
108 92 -7.32469633384443e-02
108 97 -1.88161404737294e-01
108 107 -1.42318625633420e-02
108 109 -1.00000000000000e+00
108 113 -1.04553516252626e+00
108 119 -1.00000000000000e+00
108 3 -1.29865390312183e-02
108 5 -1.53856985308598e-02
108 11 -1.44623564151833e-02
108 12 -5.40418152914194e-03
108 16 -3.55985749503611e-01
108 20 -1.79432432779641e-01
108 28 -1.82044371425715e-02
108 31 -1.78723696381085e-01
108 189 -4.26399703374120e-03
108 196 -4.82017055988135e-03
109 109 5.45073727124462e+00
109 92 -5.68410873110694e-02
109 93 -9.52451626331277e-03
109 97 -1.06449074074074e+00
109 98 -1.87311043652826e-01
109 99 -6.22095698182655e-02
109 107 -1.25181427525668e-01
109 108 -1.00000000000000e+00
109 110 -5.17195767195768e-02
109 113 -2.29186696968712e-01
109 114 -1.60626304950322e-02
109 117 -3.95700704919649e-02
109 119 -1.92281203520835e-01
109 120 -4.71724923459844e-01
109 130 -5.73304473304474e-02
109 131 -1.31132212144117e-02
109 137 -2.85861910992991e-02
109 138 -1.12555429579239e-02
109 140 -5.48419701612226e-02
109 142 -5.88200271803447e-02
109 148 -1.62318090199043e-02
109 20 -1.00000000000000e+00
109 21 -1.78330309901738e-01
109 22 -5.17195767195768e-02
109 32 -1.77711262282691e-01
109 38 -5.73304473304474e-02
109 189 -1.22018471108077e-02
109 196 -2.94989010259620e-02
109 197 -1.34776334776335e-02
109 200 -3.05306290417402e-02
109 201 -4.84010421677089e-02
109 247 -9.77072310405644e-03
110 110 5.44027667030359e+00
110 89 -3.70370370370371e-02
110 93 -8.10881919416541e-02
110 98 -5.11243386243387e-02
110 99 -3.50649713723385e-01
110 100 -1.64609053497942e-01
110 103 -4.37575935724084e-02
110 107 -3.69292146989410e-02
110 109 -5.17195767195768e-02
110 111 -1.00000000000000e+00
110 114 -1.11018498960931e+00
110 117 -8.75646320191410e-02
110 120 -1.94378306878304e-02
110 121 -1.04852092352092e+00
110 131 -5.02976190476191e-02
110 0 -5.09010901484020e-03
110 8 -3.83190883190883e-02
110 12 -6.27226538633739e-03
110 15 -1.87892186467455e-02
110 18 -3.44505224630673e-01
110 21 -4.66873706004141e-02
110 22 -3.36146171132730e-01
110 23 -1.81473232064630e-01
110 26 -1.81371963361211e-02
110 29 -1.64561878047152e-02
110 34 -4.52380952380953e-02
110 35 -1.80019400352734e-01
110 36 -4.27130625248905e-03
111 111 5.59376521219235e+00
111 100 -1.00000000000000e+00
111 101 -1.80423764269918e-01
111 103 -1.84916605033092e-01
111 104 -1.88015194681862e-02
111 110 -1.00000000000000e+00
111 114 -1.80334803057025e-01
111 115 -3.49393892906713e-01
111 116 -1.81818181818182e-02
111 117 -8.41328630217519e-03
111 118 -1.98863112196446e-02
111 122 -1.00000000000000e+00
111 123 -1.80423764269918e-01
111 125 -1.84733245149912e-01
111 126 -1.85510785510786e-02
111 13 -6.43162393162394e-03
111 15 -1.16608391608392e-02
111 23 -1.05703962703963e+00
111 24 -1.08332137947523e-01
111 30 -1.48659673659674e-02
111 190 -9.21963361210674e-03
111 195 -5.48148148148148e-03
111 198 -2.34973544973545e-02
111 203 -8.99118165784833e-03
112 112 5.65243067250635e+00
112 90 -2.27272727272728e-02
112 91 -5.67676767676768e-02
112 96 -7.39247311827957e-03
112 101 -3.32167832167833e-02
112 102 -1.05676767676768e+00
112 104 -3.18181818181819e-02
112 105 -5.31932225480613e-02
112 106 -1.77419354838710e-01
112 115 -1.95804195804196e-02
112 116 -3.35927703229756e-01
112 118 -1.93806342999892e-02
112 123 -3.32167832167833e-02
112 124 -1.05575757575758e+00
112 126 -3.18181818181819e-02
112 127 -5.05050505050505e-02
112 128 -1.78715953950085e-01
112 129 -1.49744809474258e-02
112 134 -2.27272727272728e-02
112 135 -5.66233766233767e-02
112 10 -1.35353535353535e-02
112 14 -2.00505050505051e-02
112 19 -5.28499278499279e-03
112 24 2.49512860876501e-02
112 25 -1.08031746031746e+00
112 27 -1.41414141414142e-02
112 30 -2.20707070707071e-02
112 194 -1.61315373646279e-02
112 199 -8.31120030391623e-03
113 113 5.24309416294520e+00
113 92 -2.11794134522850e-01
113 93 -2.09457641037819e-02
113 97 -1.22217411728674e-01
113 98 -5.69089238642490e-02
113 99 -2.51207729468599e-02
113 107 -7.07100583124909e-02
113 108 -1.04553516252626e+00
113 109 -2.29186696968712e-01
113 114 -1.83632982359000e-02
113 117 -5.44957535631905e-02
113 119 -2.06800140081469e-01
113 120 -6.90887992646826e-02
113 130 -1.40548340548341e-02
113 131 -1.32930629041740e-02
113 137 -2.19842178048363e-01
113 138 -1.12922917764188e-02
113 140 -9.67235540274100e-02
113 142 -2.38794147063989e-02
113 148 -1.71077265474091e-02
113 16 -4.55351625262638e-02
113 21 -9.73356009070295e-03
113 32 -1.39180077048741e-02
113 38 -1.40548340548341e-02
113 189 -7.24171806264419e-02
113 196 -2.69072363933562e-01
113 197 -2.03607503607504e-02
113 200 -4.64180445865034e-02
113 201 -9.06702755661711e-02
113 207 -1.24149777843847e-02
113 247 -3.85185208125722e-02
114 114 5.00002090426673e+00
114 92 -1.62239087971518e-02
114 93 -2.35593753516805e-01
114 97 -1.23936047849092e-02
114 98 -3.80325833413725e-02
114 99 -1.80264533813613e-01
114 100 -4.62654107984221e-02
114 103 -4.16440939309020e-01
114 107 -7.05805765414006e-02
114 109 -1.60626304950322e-02
114 110 -1.11018498960931e+00
114 111 -1.80334803057025e-01
114 113 -1.83632982359001e-02
114 115 -2.06165091612777e-01
114 117 -4.27226786439804e-01
114 118 -3.33418444332466e-02
114 120 -1.01593727508082e-01
114 121 -2.04503103418785e-01
114 125 -4.10705030762625e-01
114 131 -3.25101414254278e-02
114 138 -2.37421897198849e-01
114 140 -6.06777380761508e-02
114 148 -3.11829842566673e-02
114 160 -7.56966210352454e-03
114 18 -4.62654107984221e-02
114 21 -6.67258506388941e-03
114 22 -6.39195788108832e-02
114 34 -1.23501384743621e-02
114 190 -5.89175994671067e-02
114 191 -3.31551608604918e-02
114 195 -4.35855624050051e-02
114 196 -6.51205173427396e-03
114 197 -1.98735032383426e-02
114 198 -2.65710214273316e-01
114 200 -6.45673319820114e-02
114 201 -1.59000267222490e-02
114 203 -5.41620601326951e-02
114 204 -2.30695404536675e-02
114 205 -2.38480053749895e-02
114 249 -1.03518518518519e-02
114 251 -1.84174603174603e-02
114 254 -8.61452926849753e-03
115 115 4.92215343439208e+00
115 89 -1.77873026884473e-02
115 90 -3.45910584706978e-02
115 93 -3.17491069606073e-02
115 94 -1.21499320042504e-02
115 96 -8.77489650377052e-03
115 101 -3.87196634155243e-01
115 103 -4.07629685285920e-01
115 104 -4.01252039652493e-01
115 105 -5.62500000000001e-03
115 107 -6.31639231824417e-03
115 111 -3.49393892906713e-01
115 112 -1.95804195804196e-02
115 114 -2.06165091612777e-01
115 116 -1.95003179947624e-01
115 117 -2.59884528708603e-02
115 118 -3.96802123393392e-01
115 123 -3.87670770178961e-01
115 125 -4.07571537984192e-01
115 126 -4.04498780883040e-01
115 129 -3.15448265726044e-02
115 133 -2.07383075315174e-02
115 134 -3.48969346839717e-02
115 138 -3.67008769351362e-02
115 139 -1.48664951989026e-02
115 145 -1.81526912273826e-02
115 149 -3.61322945801341e-02
115 160 -1.98421310399706e-02
115 9 -1.73174674787578e-02
115 13 -6.43162393162394e-03
115 15 -1.16608391608392e-02
115 23 -5.70396270396271e-02
115 24 -1.76047755663140e-01
115 30 -1.48659673659674e-02
115 41 -1.75450660450661e-02
115 190 -7.19543213623498e-02
115 192 -4.24195640564007e-02
115 194 -2.09852807172252e-02
115 195 -6.17127572016461e-02
115 198 -7.86543062904175e-02
115 199 -6.47251616696062e-03
115 200 -2.41743827160494e-02
115 202 -4.19428277483833e-02
115 203 -8.83130829903980e-02
115 205 -3.27849149193285e-02
115 214 -5.63249314128944e-03
115 249 -3.55568342151676e-02
115 251 -4.40256907701352e-02
115 253 -4.27586713697825e-03
116 116 5.28823609828906e+00
116 90 -3.10606060606061e-02
116 91 -5.67676767676768e-02
116 96 -5.16670815080314e-02
116 101 -4.92424242424243e-02
116 102 -5.67676767676768e-02
116 104 -2.08674148896371e-01
116 105 -1.10383539698056e+00
116 106 -1.89101287667596e-01
116 111 -1.81818181818182e-02
116 112 -3.35927703229756e-01
116 115 -1.95003179947624e-01
116 118 -4.16288394915187e-01
116 123 -4.92424242424243e-02
116 124 -5.57575757575758e-02
116 126 -2.08273208273208e-01
116 127 -1.05050505050505e+00
116 128 -1.92682748900231e-01
116 129 -2.04270095298047e-01
116 134 -3.10606060606061e-02
116 135 -5.66233766233767e-02
116 10 -1.35353535353535e-02
116 14 -2.00505050505051e-02
116 19 -5.28499278499279e-03
116 24 -4.27643316279677e-02
116 25 -8.03174603174604e-02
116 27 -1.41414141414142e-02
116 30 -2.20707070707071e-02
116 190 -6.74047524226736e-03
116 192 -1.43819195539626e-02
116 194 -8.06520766385202e-02
116 199 -2.54942272434468e-02
116 202 -2.47104324688728e-02
116 203 -8.96942974720753e-03
116 206 -9.66358957606501e-03
116 248 -5.65035273368607e-03
116 249 -9.82304526748972e-03
117 117 5.03030757361585e+00
117 92 -4.54184531293459e-02
117 93 -3.45469706179675e-02
117 97 -2.92264780308259e-02
117 98 -6.33212583953956e-02
117 99 -1.69080974053746e-01
117 100 -1.07605926607537e-02
117 103 -8.08107695923868e-02
117 107 -5.29510817498020e-01
117 109 -3.95700704919649e-02
117 110 -8.75646320191410e-02
117 111 -8.41328630217519e-03
117 113 -5.44957535631906e-02
117 114 -4.27226786439804e-01
117 115 -2.59884528708603e-02
117 118 -2.29023865513284e-02
117 119 -1.80747767337629e-02
117 120 -1.23269652886285e-01
117 121 -4.67412454125172e-02
117 125 -7.29138383660840e-02
117 131 -5.03754627015497e-02
117 137 -4.34920012058261e-02
117 138 -8.91922935584051e-02
117 140 -1.07537995189749e-01
117 142 -2.72163164143323e-02
117 148 -6.65170129272614e-02
117 160 -1.39801671285798e-02
117 169 -6.59175084175085e-03
117 170 -5.96340197133848e-03
117 21 -1.46611650369414e-02
117 22 -7.68040393583873e-02
117 34 -1.57323725274036e-02
117 189 -2.03077030650392e-02
117 190 -5.86729074713351e-02
117 191 -7.28906203359122e-02
117 195 -8.73060461929823e-02
117 196 -4.15852515598036e-02
117 197 -1.14773485525300e+00
117 198 -2.61169469031671e-01
117 200 -2.37279887837321e-01
117 201 -1.54437913526803e-01
117 203 -5.72730053749895e-02
117 204 -5.57271410247601e-02
117 205 -3.70108045687411e-02
117 211 -1.67264403292181e-02
117 213 -1.09340807928110e-02
117 247 -1.06349206349206e-02
117 249 -6.90123456790124e-03
117 251 -1.72352733686067e-02
117 254 -1.83709918535316e-02
118 118 5.19711300054585e+00
118 89 -1.23074089542550e-02
118 90 -2.65691962606140e-02
118 93 -3.38027301830836e-02
118 94 -8.45240509237958e-02
118 96 2.07956096286951e-03
118 101 -3.88959820703592e-02
118 103 -8.53361764628729e-02
118 104 -4.23748616334999e-01
118 105 -7.37542136030038e-02
118 106 -6.11185782556751e-02
118 107 -6.70274348422497e-03
118 111 -1.98863112196446e-02
118 112 -1.93806342999892e-02
118 114 -3.33418444332466e-02
118 115 -3.96802123393392e-01
118 116 -4.16288394915187e-01
118 117 -2.29023865513284e-02
118 123 -3.75366639533306e-02
118 125 -8.45820315780634e-02
118 126 -4.00737402368355e-01
118 128 -3.20566646321688e-02
118 129 -4.89290098141362e-01
118 133 -1.31337448559671e-02
118 134 -2.26604938271605e-02
118 138 -3.40082010582011e-02
118 139 -3.77898988754943e-02
118 145 -1.29518518518519e-02
118 149 -4.81646384479718e-02
118 150 -4.69890349480063e-03
118 158 -6.37125220458554e-03
118 160 -1.78430629041740e-02
118 24 -6.77156177156178e-02
118 190 -1.09014317439409e-01
118 192 -1.15124486026024e-01
118 193 -5.78855167829905e-02
118 194 1.64208491442788e-02
118 195 -1.39362962962963e-01
118 198 -1.19739644746788e-01
118 199 -8.65683603358740e-02
118 200 -3.24713403880071e-02
118 202 -1.37953537450360e-01
118 203 -1.58219675401025e-01
118 205 -4.47517783656673e-02
118 206 -6.74130329075658e-02
118 214 -1.79541005291005e-02
118 222 -8.78777189888302e-03
118 248 -9.76417643321766e-02
118 249 -1.48184677893459e-01
118 251 -1.20224170655917e-01
118 253 -4.11027655187922e-02
118 257 -6.03193919543126e-02
119 119 5.59681965334931e+00
119 92 -3.69931288505690e-03
119 107 -2.52225384083568e-02
119 108 -1.00000000000000e+00
119 109 -1.92281203520835e-01
119 113 -2.06800140081469e-01
119 117 -1.80747767337629e-02
119 120 -2.42509202182013e-01
119 130 -1.05324675324675e+00
119 137 -2.01636552296951e-01
119 140 -5.45712948608742e-02
119 142 -4.99459905174191e-02
119 31 -1.00000000000000e+00
119 32 -1.77561992538951e-01
119 38 -5.32467532467533e-02
119 196 -3.03353484300415e-02
119 200 -1.07484289903645e-02
119 201 -1.33053367028393e-02
119 207 -4.90064912541500e-03
120 120 5.39628669829075e+00
120 92 -2.08934782196431e-02
120 93 -2.67508474690068e-02
120 97 -2.31216931216931e-02
120 98 -2.40746403579353e-01
120 99 -5.37166436622957e-02
120 107 -1.30392755810869e-01
120 109 -4.71724923459844e-01
120 110 -1.94378306878305e-02
120 113 -6.90887992646826e-02
120 114 -1.01593727508082e-01
120 117 -1.23269652886285e-01
120 119 -2.42509202182013e-01
120 121 -2.49284106369821e-01
120 125 -3.21268673125816e-02
120 130 -2.16725698543879e-02
120 131 -4.85568808836666e-01
120 137 -9.56770332306559e-02
120 138 -8.64969399207495e-02
120 140 -1.24770106035608e-01
120 141 -6.72106141436715e-02
120 142 -1.24646903411911e-01
120 148 -8.85778228238547e-02
120 151 -1.80704561139344e-02
120 159 -4.51260916038694e-02
120 165 -2.68687239644797e-02
120 169 -9.91543553448316e-03
120 21 -2.26349584278156e-01
120 22 -1.94378306878305e-02
120 32 -2.21357589500447e-01
120 33 -1.00000000000000e+00
120 34 -2.26374149659864e-01
120 38 -2.16725698543879e-02
120 39 -2.22579665704666e-01
120 47 -4.69586415935623e-02
120 196 -8.14769035292333e-02
120 197 -2.17243867243867e-02
120 198 -1.37627446040145e-02
120 200 -6.57118005451340e-02
120 201 -6.03152316818984e-02
120 204 -6.24504745107920e-02
120 211 -1.87280465272529e-02
121 121 5.56988548228197e+00
121 99 -5.20970575318402e-02
121 107 -1.28676690331625e-02
121 110 -1.04852092352092e+00
121 114 -2.04503103418785e-01
121 117 -4.67412454125172e-02
121 120 -2.49284106369821e-01
121 122 -1.00000000000000e+00
121 125 -1.95826332173518e-01
121 131 -1.93474598593646e-01
121 132 -1.00000000000000e+00
121 138 -2.11943284768249e-01
121 140 -2.45988043702330e-02
121 148 -2.17574249677424e-02
121 22 -4.85209235209236e-02
121 34 -1.77702329416615e-01
121 35 -1.00000000000000e+00
121 198 -2.09447238828191e-02
121 200 -3.64887110644687e-02
121 203 -1.15179012345679e-02
121 204 -1.17841109507776e-02
122 122 5.81271419089340e+00
122 111 -1.00000000000000e+00
122 121 -1.00000000000000e+00
122 123 -1.05070707070707e+00
122 125 -1.00000000000000e+00
122 133 -1.04648148148148e+00
122 13 -8.58417629098633e-03
122 15 -8.15807020538204e-03
122 23 -2.08987122634434e-01
122 24 -2.58961466517022e-02
122 26 -1.35779522482032e-02
122 29 -6.88865373309818e-03
122 30 -3.35345526774232e-02
122 35 -2.20386596119930e-01
122 36 -9.40880844779864e-03
122 41 -1.02212706777924e-01
122 44 -7.73444545861564e-03
122 48 -4.89935587761675e-02
123 123 5.06242672899850e+00
123 90 -2.00320512820513e-02
123 101 -2.23203131367467e-01
123 104 -3.71780626780627e-02
123 111 -1.80423764269918e-01
123 112 -3.32167832167833e-02
123 115 -3.87670770178961e-01
123 116 -4.92424242424243e-02
123 118 -3.75366639533306e-02
123 122 -1.05070707070707e+00
123 124 -5.62626262626263e-02
123 125 -2.11147152002090e-01
123 126 -3.98574081953712e-01
123 127 -4.88215488215489e-02
123 129 -1.33827160493827e-02
123 133 -2.06034744861905e-01
123 134 -3.92906361159728e-01
123 135 -5.74891774891775e-02
123 138 -2.36355575151872e-02
123 139 -1.69482167352538e-02
123 145 -1.94766248611928e-01
123 149 -4.24383354414219e-02
123 160 -1.78244719386695e-02
123 9 -2.28862047043866e-02
123 13 -2.67167330877009e-02
123 15 -4.06185985731441e-02
123 23 -1.08288479197570e-01
123 24 -2.51442554467030e-01
123 25 -1.88888888888889e-02
123 26 -1.58325187357446e-02
123 27 -1.50361138264364e-02
123 30 -1.78623482806831e-01
123 35 -6.90404040404041e-02
123 36 -3.53068047738455e-02
123 41 -3.95928485217023e-01
123 44 -1.42171059422112e-02
123 48 -1.21866816311261e-02
123 50 -3.28426035244217e-02
123 190 -4.72685185185185e-03
123 198 -1.22698412698413e-02
123 202 -5.69576719576720e-03
123 203 -5.33048696844994e-02
123 205 -1.56984208635443e-02
123 249 -4.88095238095238e-03
124 124 5.63681959587522e+00
124 112 -1.05575757575758e+00
124 116 -5.57575757575758e-02
124 123 -5.62626262626263e-02
124 126 -5.11111111111112e-02
124 127 -1.73830005120328e-01
124 128 -1.00000000000000e+00
124 134 -6.14141414141415e-02
124 135 -1.83451770576809e-01
124 136 -1.05441228878648e+00
124 14 -1.50392301523068e-02
124 19 -1.62041864709039e-02
124 24 -1.62617105367182e-01
124 25 -1.91687163996519e-01
124 27 -2.67891298693910e-02
124 30 -3.68876199638105e-02
124 41 -1.54545454545455e-02
124 45 -5.80330730500086e-02
124 50 -6.33211116357046e-02
125 125 5.12049034050491e+00
125 93 -2.04575240695754e-02
125 103 -2.28171237755689e-01
125 104 -1.16767489711934e-02
125 107 -1.75234238714110e-02
125 111 -1.84733245149912e-01
125 114 -4.10705030762625e-01
125 115 -4.07571537984192e-01
125 117 -7.29138383660840e-02
125 118 -8.45820315780634e-02
125 120 -3.21268673125816e-02
125 121 -1.95826332173518e-01
125 122 -1.00000000000000e+00
125 123 -2.11147152002090e-01
125 126 -2.38920503112082e-01
125 129 -3.94280654237004e-02
125 131 -2.40859129847225e-02
125 133 -2.16376496551982e-01
125 134 -3.93634218433601e-02
125 138 -4.15899390383754e-01
125 139 -3.43118745509178e-02
125 140 -3.08393194988433e-02
125 144 -2.44542239392328e-02
125 145 -6.23751724009220e-02
125 148 -5.68623073028938e-02
125 149 -1.08533390871001e-01
125 153 -1.76208497802413e-02
125 154 -1.08405483405484e-02
125 160 -6.86953436905378e-02
125 170 -1.32344512564971e-02
125 34 -7.48855905998763e-03
125 41 -1.64176954732510e-02
125 48 -9.14168136390359e-03
125 190 -7.79421180140715e-02
125 195 -5.53826572604351e-02
125 198 -7.67200201180361e-02
125 200 -7.45967670330045e-02
125 201 -1.23846079846080e-02
125 202 -3.63863609641388e-02
125 203 -7.99364399114180e-02
125 204 -6.80472643415766e-02
125 205 -5.34174598508814e-02
125 208 -2.28535353535354e-02
125 213 -2.54929345949628e-02
125 214 -2.37192190868117e-02
125 249 -6.85207231040565e-02
125 251 -5.28721073165518e-02
125 253 -6.06496178718401e-03
125 254 -5.63312239935256e-02
126 126 5.00604347348681e+00
126 90 -1.87500000000000e-02
126 101 -3.69902319902320e-02
126 104 -1.97342151675485e-01
126 111 -1.85510785510786e-02
126 112 -3.18181818181819e-02
126 115 -4.04498780883040e-01
126 116 -2.08273208273208e-01
126 118 -4.00737402368355e-01
126 123 -3.98574081953712e-01
126 124 -5.11111111111112e-02
126 125 -2.38920503112082e-01
126 127 -1.04629629629630e+00
126 129 -2.21082640463593e-01
126 133 -3.45117834513778e-02
126 134 -3.81266389646019e-01
126 135 -5.19047619047620e-02
126 138 -3.58190630161530e-02
126 139 -2.11430206863045e-01
126 145 -3.56681690508851e-02
126 149 -2.43264471582373e-01
126 150 -5.78527946423492e-03
126 160 -3.61078658424338e-02
126 24 -1.28201890701891e-01
126 25 -1.22222222222222e-02
126 27 -7.60582010582012e-03
126 30 -7.10738335738337e-02
126 41 -3.63251563251564e-02
126 50 -1.79088504088504e-02
126 190 -1.68225308641975e-02
126 192 -6.64021164021165e-03
126 194 -7.31853314802624e-03
126 198 -3.43129251700681e-02
126 199 -7.67579791773341e-03
126 202 -4.54085818317770e-02
126 203 -1.11115002379553e-01
126 205 -3.84563818668757e-02
126 206 -3.79560992855924e-02
126 214 -2.30611650009798e-02
126 249 -3.07237339380197e-02
126 251 -1.75826404635929e-02
126 253 -5.51083396321492e-03
126 257 -2.32937767699673e-02
127 127 5.81234567901234e+00
127 112 -5.05050505050505e-02
127 116 -1.05050505050505e+00
127 123 -4.88215488215489e-02
127 124 -1.73830005120328e-01
127 126 -1.04629629629630e+00
127 128 -1.00000000000000e+00
127 129 -1.00000000000000e+00
127 134 -5.13468013468014e-02
127 135 -1.73057025279247e-01
127 139 -1.00000000000000e+00
127 14 -4.52674897119342e-03
127 19 -4.18420853008667e-03
127 24 -1.36226284004062e-01
127 25 -9.13556541692742e-03
127 27 -7.94883465134361e-03
127 30 -1.48369856613584e-02
127 45 -9.66348068498607e-03
127 50 -9.58206402650848e-03
128 128 5.42293592983499e+00
128 96 -1.63466805961603e-02
128 106 -1.90057755094175e-01
128 112 -1.78715953950085e-01
128 116 -1.92682748900231e-01
128 118 -3.20566646321688e-02
128 124 -1.00000000000000e+00
128 127 -1.00000000000000e+00
128 129 -2.24325962473477e-01
128 136 -1.78687048874354e-01
128 139 -1.96557078413899e-01
128 150 -1.91487986106687e-01
128 194 -4.05955946567165e-02
128 199 -2.94288691311882e-02
128 202 -4.08605204906181e-02
128 203 -1.66106072058453e-02
128 206 -4.22421241206237e-02
128 256 -7.83878125189260e-03
129 129 5.03934653792059e+00
129 96 -6.35394035827613e-02
129 105 -6.46697388632873e-02
129 106 -2.86967756617427e-02
129 112 -1.49744809474258e-02
129 115 -3.15448265726044e-02
129 116 -2.04270095298047e-01
129 118 -4.89290098141362e-01
129 123 -1.33827160493827e-02
129 125 -3.94280654237004e-02
129 126 -2.21082640463593e-01
129 127 -1.00000000000000e+00
129 128 -2.24325962473477e-01
129 133 -1.07473544973545e-02
129 134 -1.91837059794049e-02
129 136 -1.70776417862786e-02
129 138 -1.76031746031746e-02
129 139 -2.17374077150291e-01
129 145 -1.58456790123457e-02
129 147 -1.12514080901178e-02
129 149 -6.97311565619213e-02
129 150 -4.62048069468663e-02
129 158 -3.73380885088713e-02
129 160 -2.45969233784049e-02
129 167 -1.09955173427396e-02
129 190 -3.76146204320040e-02
129 192 -5.08092640003035e-02
129 193 -9.20553645592049e-03
129 194 -1.20414766368772e-01
129 198 -3.70161165700848e-02
129 199 -8.53321132791448e-02
129 202 -3.13519109204556e-01
129 203 -1.17955165028975e-01
129 205 -3.58536155202822e-02
129 206 -8.11371157558488e-02
129 214 -5.37055604546346e-02
129 222 -4.38212815990594e-02
129 223 -1.93000541702530e-02
129 228 -2.65356995884774e-02
129 248 -1.40891912320484e-02
129 249 -7.60379356680945e-02
129 251 -2.39864953388763e-02
129 253 -1.01614176534812e-02
129 256 -3.27623121858294e-02
129 257 -1.15228092718569e-01
130 130 5.66506633106292e+00
130 109 -5.73304473304474e-02
130 113 -1.40548340548341e-02
130 119 -1.05324675324675e+00
130 120 -2.16725698543879e-02
130 131 -5.50144300144301e-02
130 137 -1.07642857142857e+00
130 140 -1.03513708513709e-01
130 141 -1.06673567977916e+00
130 142 -1.15426997245177e-02
130 148 -2.24819624819625e-02
130 151 -1.18577075098814e-02
130 159 -1.48629148629149e-02
130 165 -1.81065311500094e-02
130 28 -1.58288668109168e-02
130 31 -1.78723696381085e-01
130 32 -4.93506493506494e-02
130 37 -8.28426352619901e-03
130 38 -3.26794124741339e-01
130 39 -4.92424242424243e-02
130 42 -1.45107609467651e-02
130 46 -1.77419354838710e-01
130 47 -5.30489224037611e-02
130 54 -6.64575866188770e-03
130 57 -1.18577075098814e-02
131 131 5.38896589606174e+00
131 99 -5.48007246376812e-02
131 107 -2.38715306305024e-02
131 109 -1.31132212144117e-02
131 110 -5.02976190476191e-02
131 113 -1.32930629041740e-02
131 114 -3.25101414254278e-02
131 117 -5.03754627015497e-02
131 120 -4.85568808836666e-01
131 121 -1.93474598593646e-01
131 125 -2.40859129847225e-02
131 130 -5.50144300144301e-02
131 132 -1.00000000000000e+00
131 137 -1.75343180482070e-02
131 138 -2.18496627270437e-01
131 140 -7.10258461409256e-02
131 142 -2.40054594508960e-01
131 143 -1.00000000000000e+00
131 148 -2.17689660207517e-01
131 159 -1.72260225077686e-02
131 169 -8.12034746558557e-03
131 22 -5.02976190476191e-02
131 34 -1.78509070294785e-01
131 38 -5.50144300144301e-02
131 39 -1.78571428571429e-01
131 40 -1.00000000000000e+00
131 198 -1.17088687326783e-02
131 200 -4.95551747635081e-02
131 201 -2.22785126396238e-02
131 203 -5.15299823633157e-03
131 204 -3.02661879566642e-02
131 211 -1.14336944654405e-02
131 254 -5.96220710506425e-03
132 132 5.81386343838663e+00
132 121 -1.00000000000000e+00
132 131 -1.00000000000000e+00
132 133 -1.04648148148148e+00
132 138 -1.00000000000000e+00
132 144 -1.05070707070707e+00
132 26 -1.18507177940870e-02
132 29 -1.18725247008401e-02
132 35 -2.19454673721340e-01
132 36 -8.84184181732881e-03
132 37 -6.26464508543362e-03
132 40 -2.07618836427080e-01
132 41 -4.89935587761675e-02
132 43 -8.83904344692876e-03
132 44 -6.66980317658205e-03
132 48 -1.02212706777924e-01
132 52 -4.93540224255512e-03
132 55 -3.27652527111465e-02
132 58 -2.55140184917963e-02
133 133 5.23621903442759e+00
133 115 -2.07383075315174e-02
133 118 -1.31337448559671e-02
133 122 -1.04648148148148e+00
133 123 -2.06034744861905e-01
133 125 -2.16376496551982e-01
133 126 -3.45117834513778e-02
133 129 -1.07473544973545e-02
133 132 -1.04648148148148e+00
133 134 -1.94069256646417e-01
133 138 -2.16684378003602e-01
133 139 -1.75752416878960e-02
133 144 -2.05993697578795e-01
133 145 -3.87661676604798e-01
133 148 -2.62994753955953e-02
133 149 -6.72276214950378e-02
133 153 -1.91949877173091e-01
133 154 -1.23857623857624e-02
133 160 -6.54996995337604e-02
133 166 -5.01383247525223e-03
133 167 -1.02263745627943e-02
133 170 -1.05912371807434e-02
133 15 -7.59259259259260e-03
133 23 -6.16498316498317e-02
133 26 -2.15873015873016e-02
133 29 -1.47354497354498e-02
133 30 -2.67318108622457e-02
133 35 -1.20039682539680e-02
133 36 -9.40617092247528e-02
133 40 -6.00426887926888e-02
133 41 -3.58061390881439e-01
133 44 -1.74258109040718e-02
133 48 -3.58095194526354e-01
133 52 -6.10766045548655e-03
133 55 -2.41208147729887e-02
133 198 -1.53711052322164e-02
133 200 -1.34614197530864e-02
133 203 -5.61573952127303e-02
133 204 -1.43323535175387e-02
133 205 -3.52840870916268e-02
133 214 -1.24142906133647e-02
133 251 -6.68481107369997e-03
133 254 -5.43507829618941e-03
134 134 5.23797736407902e+00
134 101 -2.00320512820513e-02
134 104 -1.87500000000000e-02
134 112 -2.27272727272728e-02
134 115 -3.48969346839717e-02
134 116 -3.10606060606061e-02
134 118 -2.26604938271605e-02
134 123 -3.92906361159728e-01
134 124 -6.14141414141415e-02
134 125 -3.93634218433601e-02
134 126 -3.81266389646019e-01
134 127 -5.13468013468014e-02
134 129 -1.91837059794049e-02
134 133 -1.94069256646417e-01
134 135 -1.11600288600289e+00
134 136 -1.11779081133920e-02
134 138 -2.03855575151872e-02
134 139 -1.91436952014312e-01
134 145 -1.95544026389705e-01
134 146 -1.05050505050505e+00
134 149 -2.14830310750064e-01
134 155 -1.27362003877156e-02
134 160 -1.92812620621263e-02
134 23 -1.58402203856750e-02
134 24 -1.38470662334299e-01
134 25 -2.55555555555556e-02
134 27 -4.29151344473926e-02
134 30 -1.32346865159246e-01
134 36 -1.43567512431468e-02
134 41 -3.74075338363876e-01
134 44 -3.32000226670634e-02
134 45 -3.72727272727273e-02
134 49 -6.70523415977962e-02
134 50 -6.52051904324631e-02
134 53 -2.14793092212447e-02
134 202 -1.14444444444445e-02
134 203 -5.26382030178327e-02
134 205 -1.48650875302110e-02
134 206 -1.27217101894521e-02
134 257 -5.25925925925926e-03
135 135 5.63608448048130e+00
135 112 -5.66233766233767e-02
135 116 -5.66233766233767e-02
135 123 -5.74891774891775e-02
135 124 -1.83451770576809e-01
135 126 -5.19047619047620e-02
135 127 -1.73057025279247e-01
135 134 -1.11600288600289e+00
135 136 -1.05640634920635e+00
135 139 -1.00000000000000e+00
135 147 -1.00000000000000e+00
135 14 -1.24620223398001e-02
135 19 -1.53940461290052e-02
135 24 -1.60207582629011e-01
135 25 -2.49115881956128e-02
135 27 -1.06497865175541e-02
135 30 -6.29179037268955e-02
135 36 -5.35975620314097e-03
135 41 -7.32574189095929e-02
135 44 -1.40066318550345e-02
135 45 -5.54107541104854e-02
135 50 -2.58439694804825e-01
135 53 -1.53616202992547e-02
136 136 5.44989082855711e+00
136 124 -1.05441228878648e+00
136 128 -1.78687048874354e-01
136 129 -1.70776417862786e-02
136 134 -1.11779081133920e-02
136 135 -1.05640634920635e+00
136 139 -1.80546594982079e-01
136 147 -1.76674760087871e-01
136 150 -3.55463252013720e-01
136 157 -1.93251420795646e-01
136 19 -1.10241935483871e-02
136 24 -1.37777777777778e-02
136 25 -6.22402457757297e-02
136 27 -4.19976958525346e-02
136 30 -4.78141041753946e-02
136 41 -1.09090909090909e-02
136 45 -1.05210049627791e-01
136 50 -1.04061865016704e-01
136 69 -1.66749379652606e-02
136 202 -5.69584152310479e-03
136 206 -1.93336416541411e-02
137 137 5.20921645949356e+00
137 92 -6.31272653779591e-03
137 107 -4.74682274795814e-02
137 109 -2.85861910992991e-02
137 113 -2.19842178048363e-01
137 117 -4.34920012058261e-02
137 119 -2.01636552296951e-01
137 120 -9.56770332306560e-02
137 130 -1.07642857142857e+00
137 131 -1.75343180482070e-02
137 138 -1.19096158104095e-02
137 140 -4.66180660630241e-01
137 141 -2.17244663125985e-01
137 142 -9.24759191530058e-02
137 148 -4.05318256936025e-02
137 151 -3.61918372261991e-02
137 159 -6.35888793499955e-02
137 165 -4.28036561699540e-02
137 166 -8.08122369182278e-03
137 168 -2.55050955519218e-02
137 169 -1.56278940380323e-02
137 32 -1.20664179650355e-02
137 38 -7.64285714285715e-02
137 39 -7.06900352733686e-03
137 47 -1.02146284240498e-02
137 56 -5.77673903029436e-03
137 57 -1.73356486119460e-02
137 196 -5.75343226210206e-02
137 200 -3.79115458217609e-02
137 201 -5.26170657096487e-02
137 204 -2.63541600630695e-02
137 207 -4.76518508760954e-02
137 209 -3.42412460224387e-02
137 210 -2.20919878002627e-02
137 211 -1.42034114521954e-02
137 252 -7.93513150433026e-03
137 255 -6.08107736099412e-03
138 138 5.05674413190981e+00
138 93 -8.60763287015876e-03
138 99 -1.33124725516030e-02
138 103 -2.13201499118166e-02
138 107 -3.28341666691563e-02
138 109 -1.12555429579239e-02
138 113 -1.12922917764188e-02
138 114 -2.37421897198849e-01
138 115 -3.67008769351362e-02
138 117 -8.91922935584051e-02
138 118 -3.40082010582011e-02
138 120 -8.64969399207495e-02
138 121 -2.11943284768249e-01
138 123 -2.36355575151871e-02
138 125 -4.15899390383754e-01
138 126 -3.58190630161530e-02
138 129 -1.76031746031746e-02
138 131 -2.18496627270437e-01
138 132 -1.00000000000000e+00
138 133 -2.16684378003602e-01
138 134 -2.03855575151871e-02
138 137 -1.19096158104095e-02
138 139 -1.55740250832843e-02
138 140 -1.00236318463038e-01
138 142 -2.96518057241602e-02
138 144 -2.07995957093400e-01
138 145 -5.89682054440432e-02
138 148 -4.85726537886635e-01
138 149 -8.18698754573535e-02
138 152 -7.26503126503127e-02
138 153 -3.10197817810252e-02
138 154 -1.36002886002886e-02
138 159 -2.29591584782061e-02
138 160 -1.40824319812724e-01
138 166 -5.26179857277741e-02
138 167 -1.14134669954776e-02
138 169 -2.36912721317483e-02
138 170 -6.91040589823659e-02
138 34 -1.56949082663368e-02
138 39 -7.84912618245952e-03
138 41 -9.05643738977073e-03
138 48 -1.61457965902410e-02
138 195 -1.07148148148148e-02
138 198 -8.71656872326185e-02
138 200 -1.02096317431166e-01
138 201 -6.24418684196462e-02
138 203 -1.19775008016675e-01
138 204 -8.59296331925962e-02
138 205 -6.75124532254603e-02
138 208 -3.86700336700337e-02
138 211 -2.41591479801797e-02
138 212 -2.50962000962001e-02
138 213 -4.11370596873243e-02
138 214 -2.31909514011366e-02
138 215 -2.08543958099514e-02
138 251 -5.94273849607183e-02
138 254 -6.30470932555589e-02
139 139 5.24969055136506e+00
139 115 -1.48664951989026e-02
139 118 -3.77898988754943e-02
139 123 -1.69482167352538e-02
139 125 -3.43118745509178e-02
139 126 -2.11430206863045e-01
139 127 -1.00000000000000e+00
139 128 -1.96557078413899e-01
139 129 -2.17374077150291e-01
139 133 -1.75752416878960e-02
139 134 -1.91436952014312e-01
139 135 -1.00000000000000e+00
139 136 -1.80546594982079e-01
139 138 -1.55740250832844e-02
139 145 -2.21020739434320e-02
139 147 -1.81682511236275e-01
139 149 -4.06505015402168e-01
139 150 -3.86825514717905e-01
139 158 -2.12742819719196e-01
139 160 -2.89341749357182e-02
139 167 -1.35262278873390e-02
139 41 -7.05555555555556e-03
139 194 -1.01950012615110e-02
139 199 -1.67850904735425e-02
139 202 -5.77200340009336e-02
139 203 -7.93295901886575e-02
139 205 -2.69715404337318e-02
139 206 -6.86987495048122e-02
139 214 -4.52359739368999e-02
139 222 -3.74341269841270e-02
139 223 -1.84089527889881e-02
139 228 -2.11097589653145e-02
139 256 -1.15424152163660e-02
139 257 -6.09012345679013e-02
140 140 5.58276216213427e+00
140 92 -3.01902605494350e-02
140 97 -2.11904761904762e-02
140 98 -2.90890967498111e-02
140 107 -2.11198972689417e-01
140 109 -5.48419701612226e-02
140 113 -9.67235540274101e-02
140 114 -6.06777380761508e-02
140 117 -1.07537995189749e-01
140 119 -5.45712948608742e-02
140 120 -1.24770106035608e-01
140 121 -2.45988043702330e-02
140 125 -3.08393194988433e-02
140 130 -1.03513708513709e-01
140 131 -7.10258461409256e-02
140 137 -4.66180660630241e-01
140 138 -1.00236318463038e-01
140 141 -7.27416074921470e-02
140 142 -1.46207351955395e-01
140 148 -1.45601987234318e-01
140 151 -6.18707258924651e-02
140 159 -3.62609015701248e-01
140 160 -1.24906637552140e-02
140 165 -5.73067660916453e-02
140 166 -3.43884995075472e-02
140 168 -3.03836726896945e-02
140 169 -5.29313659167230e-02
140 170 -1.95317434867700e-02
140 21 -1.09846938775510e-02
140 32 -1.88669202448004e-02
140 34 -1.07086167800454e-02
140 38 -1.03513708513709e-01
140 39 -2.05015432098766e-02
140 47 -1.66879541316639e-02
140 56 -6.14538427233537e-03
140 57 -1.51138716356108e-02
140 189 -3.37461851723385e-02
140 196 -4.90981064788253e-02
140 197 -7.84848484848486e-02
140 198 -2.27758461409255e-02
140 200 -8.53810708770738e-02
140 201 -2.04705393382467e-01
140 203 -1.37198706643151e-02
140 204 -2.14341706653399e-01
140 205 -2.69317943226674e-02
140 207 1.05255475606294e-01
140 209 -1.24431119096242e-01
140 210 -8.64468991043780e-02
140 211 -1.36138322104421e-01
140 212 -2.58297258297259e-02
140 213 -1.42684695277288e-02
140 215 -5.68763674820438e-02
140 224 -1.40166631660016e-02
140 225 -2.86045223592483e-02
140 247 -8.38592592592593e-02
140 252 -7.39357494306159e-02
140 254 -6.67376333249350e-02
140 255 -8.06329133685823e-02
140 258 -2.81441640751840e-02
140 259 -1.37677001130215e-01
141 141 5.47136625800903e+00
141 120 -6.72106141436715e-02
141 130 -1.06673567977916e+00
141 137 -2.17244663125985e-01
141 140 -7.27416074921471e-02
141 142 -2.88419097408846e-01
141 148 -3.99064951593002e-02
141 151 -6.05643056051616e-02
141 159 -1.08556425272608e-01
141 165 -7.10961852309600e-02
141 166 -1.48575878139092e-02
141 168 -3.25863391021401e-02
141 169 -1.69911553478641e-02
141 171 -1.85770750988143e-02
141 38 -6.67356797791581e-02
141 46 -1.00000000000000e+00
141 47 -2.15277828132967e-01
141 56 -2.13798469662757e-01
141 57 -2.37007289449510e-02
141 62 -6.74250985106526e-02
141 63 -3.62318840579710e-02
141 196 -4.78668054110302e-03
141 207 -2.16284573083801e-02
141 209 -2.73047778314786e-02
141 210 -1.10621340635366e-02
142 142 5.34562373364219e+00
142 107 -1.01586461745192e-02
142 109 -5.88200271803447e-02
142 113 -2.38794147063988e-02
142 117 -2.72163164143323e-02
142 119 -4.99459905174191e-02
142 120 -1.24646903411910e-01
142 130 -1.15426997245178e-02
142 131 -2.40054594508960e-01
142 137 -9.24759191530058e-02
142 138 -2.96518057241602e-02
142 140 -1.46207351955395e-01
142 141 -2.88419097408846e-01
142 143 -1.04616402116402e+00
142 144 -1.21571646803128e-02
142 148 -2.58327481574373e-01
142 151 -1.18163686554991e+00
142 159 -7.86644012726195e-02
142 165 -9.53245087750865e-02
142 166 -3.46896401658307e-02
142 168 -7.49423963133641e-03
142 169 -4.21929212762546e-02
142 170 -5.11754290193444e-03
142 32 -4.39123891981035e-02
142 37 -6.49586640211641e-02
142 38 -1.15426997245178e-02
142 39 -3.75604357062690e-01
142 40 -5.99567099567100e-02
142 42 -6.20039682539683e-03
142 43 -7.42989417989419e-02
142 47 -3.82979385693671e-01
142 48 -1.13636363636364e-02
142 51 -1.45701058201058e-02
142 55 -3.41041366041367e-02
142 57 -1.13801367714411e-01
142 58 -1.80862193362191e-02
142 59 -1.04629629629630e-02
142 64 -5.14417989417990e-02
142 200 -3.55430254930255e-02
142 201 -1.99485302763081e-02
142 204 -2.68071848492484e-02
142 207 -2.18769293988439e-02
142 210 -1.31469979296066e-02
142 211 -1.36637891576384e-02
143 143 5.62779980678627e+00
143 131 -1.00000000000000e+00
143 142 -1.04616402116402e+00
143 144 -1.05036075036075e+00
143 148 -1.06277888777889e+00
143 151 -1.81513309645178e-01
143 152 -1.70252824098978e-01
143 160 -9.12420912420914e-03
143 161 -3.84615384615385e-02
143 165 -7.86713286713288e-03
143 166 -7.22687568841415e-02
143 169 -1.10223110223110e-02
143 170 -1.24209124209124e-02
143 172 -3.84615384615385e-02
143 26 -5.98256379413574e-03
143 29 -5.60055483762602e-03
143 36 -9.09450402847407e-03
143 37 -1.01141568933428e-02
143 39 -4.61640211640212e-02
143 40 -2.08465916571907e-01
143 43 -1.05255542280632e-02
143 47 -4.84126984126984e-02
143 48 -5.27071961854571e-02
143 51 -4.52144171089384e-03
143 52 -4.72292807830109e-03
143 55 -3.63586377022117e-02
143 58 -4.00827265738960e-01
143 64 -1.25996977743010e-02
143 65 -4.08079842862452e-02
143 70 -4.50282112741206e-03
144 144 5.39362398895263e+00
144 125 -2.44542239392328e-02
144 132 -1.05070707070707e+00
144 133 -2.05993697578795e-01
144 138 -2.07995957093400e-01
144 142 -1.21571646803128e-02
144 143 -1.05036075036075e+00
144 145 -1.94339090917574e-01
144 148 -2.30876084265855e-01
144 149 -2.62484168127907e-02
144 152 -1.10372775372775e+00
144 153 -2.01659872737314e-01
144 160 -9.60106948378554e-02
144 161 -1.20062886685462e-02
144 166 -3.26615402364962e-02
144 170 -4.45831541246004e-02
144 26 -1.53418982451241e-02
144 29 -1.70995670995671e-02
144 35 -6.90548340548341e-02
144 36 -3.33651785334815e-02
144 37 -1.86147186147186e-02
144 39 -1.13636363636364e-02
144 40 -3.17348812803357e-02
144 41 -1.22925017369462e-02
144 43 -2.20606991574734e-02
144 44 -1.02739476512268e-02
144 47 -1.13636363636364e-02
144 48 -3.62794006526989e-01
144 52 -1.16482395584780e-02
144 55 -8.36445679923940e-02
144 58 -6.12311425947789e-02
144 66 -2.34833324443714e-02
144 203 -2.41995208234186e-02
144 204 -1.54356108324362e-02
144 205 -3.03732549947277e-02
144 213 -1.17674061518859e-02
145 145 5.39415050598366e+00
145 115 -1.81526912273826e-02
145 118 -1.29518518518519e-02
145 123 -1.94766248611928e-01
145 125 -6.23751724009220e-02
145 126 -3.56681690508851e-02
145 129 -1.58456790123457e-02
145 133 -3.87661676604798e-01
145 134 -1.95544026389705e-01
145 138 -5.89682054440432e-02
145 139 -2.21020739434320e-02
145 144 -1.94339090917574e-01
145 146 -1.00000000000000e+00
145 148 -2.31890908751579e-02
145 149 -2.45353637449493e-01
145 153 -1.91131246325691e-01
145 154 -1.06812169312169e+00
145 160 -1.19597147845296e-01
145 166 -5.70055768909385e-03
145 167 -6.02051195587351e-02
145 170 -1.12479027276205e-02
145 41 -1.79949441504997e-01
145 48 -1.80012345679012e-01
145 49 -1.00000000000000e+00
145 203 -5.22627762465505e-02
145 205 -3.40075893731979e-02
145 206 -9.10864197530865e-03
145 214 -7.20245933764454e-03
145 257 -8.16745230078564e-03
146 146 5.80737584029855e+00
146 134 -1.05050505050505e+00
146 145 -1.00000000000000e+00
146 147 -1.00000000000000e+00
146 149 -1.00000000000000e+00
146 155 -1.05050505050505e+00
146 27 -9.16633479357494e-03
146 30 -4.87750157541337e-02
146 36 -7.82358863237779e-03
146 41 -5.53359683794467e-02
146 44 -1.16182358698332e-02
146 45 -8.72333162655744e-03
146 49 -2.05152984875207e-01
146 50 -2.50870222966997e-01
146 53 -1.13685972198517e-02
146 67 -3.77485169151836e-02
146 68 -3.70797926353482e-02
147 147 5.61651652280950e+00
147 129 -1.12514080901178e-02
147 135 -1.00000000000000e+00
147 136 -1.76674760087871e-01
147 139 -1.81682511236275e-01
147 146 -1.00000000000000e+00
147 149 -1.84893004115226e-01
147 150 -3.48677661606902e-01
147 156 -1.00000000000000e+00
147 157 -1.76556204808026e-01
147 158 -1.84109432781476e-01
147 45 -4.24317617866005e-02
147 50 -1.04243176178660e+00
147 203 -8.48500881834216e-03
147 206 -2.37731125903169e-02
147 257 -3.50617283950618e-03
148 148 5.10452375308269e+00
148 107 -2.93441709480357e-02
148 109 -1.62318090199043e-02
148 113 -1.71077265474091e-02
148 114 -3.11829842566673e-02
148 117 -6.65170129272614e-02
148 120 -8.85778228238547e-02
148 121 -2.17574249677424e-02
148 125 -5.68623073028938e-02
148 130 -2.24819624819625e-02
148 131 -2.17689660207517e-01
148 133 -2.62994753955953e-02
148 137 -4.05318256936025e-02
148 138 -4.85726537886635e-01
148 140 -1.45601987234318e-01
148 141 -3.99064951593002e-02
148 142 -2.58327481574373e-01
148 143 -1.06277888777889e+00
148 144 -2.30876084265855e-01
148 145 -2.31890908751579e-02
148 149 -3.06676128579287e-02
148 151 -1.69838815115495e-01
148 152 -1.30932283205010e-01
148 153 -5.48825111788075e-02
148 154 -1.44518780882417e-02
148 159 -9.18665955017466e-02
148 160 -9.26614392298656e-02
148 161 -4.18073162548471e-02
148 165 -5.26686617638103e-02
148 166 -1.96171399458522e-01
148 167 -1.56224217174995e-02
148 168 -8.93514639482382e-03
148 169 -4.75178942499543e-04
148 170 1.12527532978072e-02
148 171 -1.56498639700221e-02
148 175 -1.14227243460048e-02
148 176 -8.19701002930818e-03
148 186 -1.52398826411939e-02
148 34 -8.39115646258504e-03
148 38 -2.24819624819625e-02
148 39 -1.54890171556838e-02
148 47 -8.83913969628256e-03
148 48 -9.23667895890119e-03
148 57 -1.55185394315829e-02
148 58 -6.27788877788878e-02
148 198 -2.68296310293665e-02
148 200 -1.09786924803592e-01
148 201 -6.15354791299236e-02
148 203 -4.66678541100940e-02
148 204 -3.23220275124640e-01
148 205 -7.24834234042789e-02
148 207 -3.15253171758548e-02
148 210 -1.93650793650794e-02
148 211 -1.20099623693473e-01
148 212 -4.88927150290785e-02
148 213 -1.19787258789287e-01
148 215 -1.15121131954465e-02
148 219 -4.97113997113997e-02
148 230 -5.71428571428572e-03
148 254 -2.51084993293988e-02
148 259 -5.88248089359201e-03
149 149 5.17932227167517e+00
149 115 -3.61322945801341e-02
149 118 -4.81646384479718e-02
149 123 -4.24383354414219e-02
149 125 -1.08533390871001e-01
149 126 -2.43264471582373e-01
149 129 -6.97311565619213e-02
149 133 -6.72276214950378e-02
149 134 -2.14830310750064e-01
149 138 -8.18698754573535e-02
149 139 -4.06505015402168e-01
149 144 -2.62484168127907e-02
149 145 -2.45353637449493e-01
149 146 -1.00000000000000e+00
149 147 -1.84893004115226e-01
149 148 -3.06676128579287e-02
149 150 -2.07552718830795e-01
149 152 -1.73575582666492e-02
149 153 -6.34845901697754e-02
149 154 -6.02983296165114e-02
149 155 -2.18855530614790e-01
149 158 -4.20601148932192e-01
149 160 -1.74754634420732e-03
149 162 -4.15283514578048e-02
149 166 -1.39485163290679e-02
149 167 -2.12521735811739e-01
149 170 -2.55946658997806e-02
149 175 -9.16382940778484e-02
149 177 -2.12676066576903e-02
149 188 -1.34622770919067e-02
149 41 -1.80103682325905e-02
149 48 -1.19205013093902e-02
149 202 -1.07866049382716e-01
149 203 -1.12355328946643e-01
149 204 -1.02920578931161e-02
149 205 -6.90773149526678e-02
149 206 -8.55869659213747e-02
149 208 -2.31313131313132e-02
149 214 -7.79016109062407e-02
149 217 -4.42592592592593e-02
149 221 -4.59657177838997e-02
149 222 -6.25756257459962e-02
149 223 -4.87902862326399e-02
149 228 -7.11533678941087e-02
149 257 -7.67902668661929e-02
150 150 5.07063281175203e+00
150 118 -4.69890349480063e-03
150 126 -5.78527946423492e-03
150 128 -1.91487986106687e-01
150 129 -4.62048069468663e-02
150 136 -3.55463252013720e-01
150 139 -3.86825514717905e-01
150 147 -3.48677661606902e-01
150 149 -2.07552718830795e-01
150 157 -3.65057559217289e-01
150 158 -3.98909341447554e-01
150 160 -8.06676180361963e-03
150 164 -2.11785383863563e-02
150 167 -2.53931071182343e-02
150 177 -2.85020754048291e-02
150 185 -5.45019496632400e-03
150 188 -9.83758763029970e-03
150 45 -4.24317617866005e-02
150 50 -4.24317617866005e-02
150 69 -1.34043953502851e-02
150 199 -6.36509430920015e-03
150 202 -2.93791440549447e-02
150 203 -3.65345750805300e-02
150 205 -4.62294238683128e-03
150 206 -2.52668868783366e-01
150 214 -2.39907683968317e-02
150 222 -3.70979689366786e-02
150 223 -4.01731566208529e-02
150 228 -2.43840625059263e-02
150 257 -1.11028806584362e-02
151 151 5.07293923137982e+00
151 120 -1.80704561139344e-02
151 130 -1.18577075098814e-02
151 137 -3.61918372261991e-02
151 140 -6.18707258924651e-02
151 141 -6.05643056051616e-02
151 142 -1.18163686554991e+00
151 143 -1.81513309645178e-01
151 148 -1.69838815115495e-01
151 152 -2.03628539292875e-01
151 159 -1.40730830646679e-01
151 160 -1.99073653619108e-02
151 161 -8.39160839160840e-02
151 165 -2.58168460980578e-01
151 166 -2.16366293076539e-01
151 168 -1.34546729567768e-02
151 169 -1.35939751947657e-01
151 170 -3.39872248963159e-02
151 171 -2.16472959564433e-01
151 172 -8.39160839160840e-02
151 176 -1.61490683229814e-02
151 179 -2.13438735177866e-02
151 186 -1.53020892151327e-02
151 37 -7.63888888888889e-03
151 38 -1.18577075098814e-02
151 39 -4.71320346320347e-02
151 43 -1.56801258137664e-02
151 47 -1.01886881234707e-01
151 51 -1.35824007022164e-02
151 54 -6.60714285714286e-03
151 55 -1.19171354999846e-02
151 56 -5.08818904330826e-02
151 57 -3.59512387873176e-01
151 58 -4.04317835039565e-01
151 59 -1.17796674225246e-02
151 62 -3.17786561264823e-02
151 63 -8.89328063241107e-02
151 64 -3.48540886787740e-01
151 65 -8.76427919906181e-02
151 70 -1.01673393059889e-02
151 75 -2.21035107059952e-02
151 204 -1.60173160173160e-02
151 211 -5.70779220779221e-02
151 212 -3.52828989192626e-02
152 152 5.42189915691664e+00
152 138 -7.26503126503127e-02
152 143 -1.70252824098978e-01
152 144 -1.10372775372775e+00
152 148 -1.30932283205010e-01
152 149 -1.73575582666492e-02
152 151 -2.03628539292875e-01
152 153 -1.11042568542569e+00
152 154 -1.23966942148761e-02
152 159 -1.55844155844156e-02
152 160 -5.81915054642326e-02
152 161 -1.13723091723092e+00
152 165 -1.30324221233312e-02
152 166 -1.41694356537014e-01
152 167 -1.53373562464472e-02
152 169 -3.09357309357310e-02
152 170 -7.05059839150748e-02
152 172 -4.25644725644726e-02
152 175 -1.48989898989899e-02
152 187 -1.22234247234247e-02
152 40 -3.03030303030303e-02
152 48 -9.39393939393940e-02
152 55 -2.35042735042735e-01
152 58 -3.57121510967665e-01
152 65 -7.69230769230770e-02
152 66 -8.78121878121879e-02
152 76 -4.04095904095904e-02
152 204 -1.36940836940837e-02
152 205 -2.10076960076960e-02
152 212 -3.52828989192626e-02
152 213 -5.52765752765753e-02
153 153 5.23673734614423e+00
153 125 -1.76208497802413e-02
153 133 -1.91949877173091e-01
153 138 -3.10197817810252e-02
153 144 -2.01659872737314e-01
153 145 -1.91131246325691e-01
153 148 -5.48825111788075e-02
153 149 -6.34845901697754e-02
153 152 -1.11042568542569e+00
153 154 -1.11533189033189e+00
153 155 -1.23966942148761e-02
153 160 -3.36821651415897e-01
153 161 -2.46888890406086e-01
153 162 -1.84676100893032e-01
153 166 -4.17757083940947e-02
153 167 -6.24671952582006e-02
153 170 -6.83128778528768e-02
153 173 -5.08928571428572e-02
153 175 -3.26818287213387e-02
153 183 -5.08928571428572e-02
153 187 -1.66842219532293e-02
153 36 -9.69320534537927e-03
153 44 -2.04482715352281e-02
153 48 -3.39010895231251e-01
153 49 -6.64534959989506e-02
153 52 -6.20741577263317e-02
153 53 -1.60606060606061e-02
153 55 -2.38505236528951e-02
153 58 -5.09641873278237e-02
153 60 -5.73809523809524e-02
153 66 -3.23276049347478e-01
153 67 -6.73625869080415e-02
153 76 -1.20711431425717e-02
153 77 -5.08928571428572e-02
153 203 -1.94000727863162e-02
153 205 -1.94650940623163e-02
153 220 -8.49475798549873e-03
154 154 5.59845399586042e+00
154 125 -1.08405483405484e-02
154 133 -1.23857623857624e-02
154 138 -1.36002886002886e-02
154 145 -1.06812169312169e+00
154 148 -1.44518780882417e-02
154 149 -6.02983296165113e-02
154 152 -1.23966942148761e-02
154 153 -1.11533189033189e+00
154 155 -1.09951899951900e+00
154 158 -6.17845117845118e-02
154 160 -4.32415059687785e-02
154 162 -1.05392015392015e+00
154 166 -1.20315711224802e-02
154 167 -4.97879225151951e-02
154 170 -1.89033189033189e-02
154 175 -7.96471205562115e-02
154 36 -6.00019718032141e-03
154 44 -1.32763559356872e-02
154 48 -5.80839450404668e-02
154 49 -2.06415733296686e-01
154 50 -3.80526275605641e-02
154 52 -1.12413031287005e-02
154 53 -1.18006296106655e-02
154 55 -3.82901130002579e-02
154 60 -1.04338312784293e-02
154 66 -5.42568542568543e-02
154 67 -2.08104046216437e-01
154 68 -3.67719523275079e-02
154 82 -3.87702815096568e-03
154 203 -2.42328042328043e-02
154 205 -2.04016354016354e-02
154 214 -7.40572390572391e-02
154 221 -2.47933884297521e-02
154 222 -1.71717171717172e-02
155 155 5.61618096077150e+00
155 134 -1.27362003877156e-02
155 146 -1.05050505050505e+00
155 149 -2.18855530614790e-01
155 153 -1.23966942148761e-02
155 154 -1.09951899951900e+00
155 156 -1.05036075036075e+00
155 157 -1.08180648503229e-02
155 158 -1.81400323233856e-01
155 160 -6.67027060730765e-02
155 163 -1.04935064935065e+00
155 167 -2.18070208255393e-01
155 30 -2.22497704315886e-02
155 41 -1.23966942148761e-02
155 44 -2.83333333333334e-02
155 45 -2.97036297036297e-02
155 48 -1.23966942148761e-02
155 49 -4.25967466876556e-02
155 50 -6.22196994924267e-02
155 52 -9.95670995670997e-03
155 53 -1.17893217893218e-01
155 55 -1.45415190869736e-02
155 60 -2.11327561327562e-02
155 61 -1.84415584415585e-02
155 66 -1.23966942148761e-02
155 67 -4.29286370195460e-02
155 68 -3.84625475534565e-02
155 73 -2.10678210678211e-02
155 78 -5.66378066378067e-02
155 203 -7.83720360572213e-03
155 206 -9.85078985795832e-03
155 214 -1.26577503429355e-02
155 222 -1.50295904369979e-02
155 257 -3.82235939643347e-03
156 156 5.81030100618503e+00
156 147 -1.00000000000000e+00
156 155 -1.05036075036075e+00
156 157 -1.04261294261294e+00
156 158 -1.00000000000000e+00
156 164 -1.00000000000000e+00
156 44 -5.75857113056294e-03
156 45 -3.19947246245249e-02
156 49 -3.74722546706674e-02
156 50 -2.29016356592906e-01
156 53 -1.33218065003779e-02
156 61 -1.13437507619535e-02
156 67 -3.74479832336975e-02
156 68 -2.08427822959313e-01
156 69 -4.26129426129426e-02
156 73 -7.01823541045252e-03
157 157 5.23796436019341e+00
157 136 -1.93251420795646e-01
157 147 -1.76556204808026e-01
157 150 -3.65057559217289e-01
157 155 -1.08180648503229e-02
157 156 -1.04261294261294e+00
157 158 -2.08951096282349e-01
157 164 -2.36221710012986e-01
157 167 -1.96347063703116e-02
157 177 -3.10007712608302e-02
157 185 -4.80902162353776e-02
157 188 -1.04927177561586e-02
157 45 -1.15395977058508e-01
157 50 -1.15636847299378e-01
157 53 -2.10126678876679e-02
157 61 -5.45810439560440e-02
157 68 -5.52225552225553e-02
157 69 -3.52833135273702e-01
157 80 -4.50372208436725e-02
157 206 -1.90069041838033e-02
157 222 -1.12442396313364e-02
157 223 -2.60772412445149e-02
158 158 5.10269186838991e+00
158 118 -6.37125220458554e-03
158 129 -3.73380885088713e-02
158 139 -2.12742819719196e-01
158 147 -1.84109432781476e-01
158 149 -4.20601148932192e-01
158 150 -3.98909341447554e-01
158 154 -6.17845117845118e-02
158 155 -1.81400323233856e-01
158 156 -1.00000000000000e+00
158 157 -2.08951096282349e-01
158 160 -1.04210584443360e-01
158 164 -2.27974097189097e-01
158 167 -4.63418101443724e-01
158 174 -2.75609643332463e-02
158 175 -4.97890322120908e-02
158 177 -7.11157944257226e-02
158 185 -2.72913466461854e-02
158 188 -5.86053510873103e-02
158 69 -1.44350590122356e-02
158 79 -6.52735961768220e-03
158 80 -1.33266375201859e-02
158 202 -3.27671957671958e-02
158 203 -9.30652312365276e-02
158 205 -2.25124926513815e-02
158 206 -6.62742646232666e-02
158 214 -2.97106691404382e-02
158 217 -1.99975949975950e-02
158 221 -2.46248196248196e-02
158 222 -7.23909733488785e-02
158 223 -6.18859490482387e-02
158 228 -5.67611091449119e-02
158 233 -1.87109935332158e-02
158 234 -2.45295606165172e-02
158 237 -2.45295606165172e-02
158 257 -7.50166702296332e-02
158 262 -1.41671137230987e-02
159 159 5.05115388118292e+00
159 120 -4.51260916038694e-02
159 130 -1.48629148629149e-02
159 131 -1.72260225077685e-02
159 137 -6.35888793499955e-02
159 138 -2.29591584782061e-02
159 140 -3.62609015701248e-01
159 141 -1.08556425272608e-01
159 142 -7.86644012726195e-02
159 148 -9.18665955017466e-02
159 151 -1.40730830646679e-01
159 152 -1.55844155844156e-02
159 160 -1.05988669766448e-02
159 165 -4.41989041306071e-01
159 166 -5.77008552865095e-02
159 168 -3.69805221082536e-01
159 169 -3.80180460358548e-01
159 170 -4.86942974720753e-02
159 171 -1.65160926030491e-02
159 176 -1.75347901696684e-01
159 38 -1.48629148629149e-02
159 47 -1.15053113240517e-02
159 56 -1.03254069192328e-02
159 57 -7.67225450254904e-02
159 196 -9.17447103711412e-03
159 200 -2.16010582010582e-02
159 201 -1.78169312169312e-02
159 204 -3.12965222409155e-02
159 207 -1.04250960729712e-01
159 209 -2.04822559539868e-01
159 210 -1.07367884414168e+00
159 211 -2.21895000772113e-01
159 212 -7.52380952380953e-02
159 218 -1.66666666666667e-01
160 160 5.21303132574306e+00
160 114 -7.56966210352454e-03
160 115 -1.98421310399706e-02
160 117 -1.39801671285798e-02
160 118 -1.78430629041740e-02
160 123 -1.78244719386695e-02
160 125 -6.86953436905377e-02
160 126 -3.61078658424338e-02
160 129 -2.45969233784049e-02
160 133 -6.54996995337604e-02
160 134 -1.92812620621263e-02
160 138 -1.40824319812724e-01
160 139 -2.89341749357182e-02
160 140 -1.24906637552140e-02
160 143 -9.12420912420914e-03
160 144 -9.60106948378554e-02
160 145 -1.19597147845296e-01
160 148 -9.26614392298656e-02
160 149 -1.74754634420734e-03
160 150 -8.06676180361963e-03
160 151 -1.99073653619108e-02
160 152 -5.81915054642326e-02
160 153 -3.36821651415898e-01
160 154 -4.32415059687786e-02
160 155 -6.67027060730765e-02
160 158 -1.04210584443360e-01
160 159 -1.05988669766448e-02
160 161 -9.85833057097387e-02
160 162 -1.30024410562330e-01
160 166 -6.58015950343993e-02
160 167 1.14106505649115e-01
160 169 -5.11114890400605e-02
160 170 -4.98477119859797e-01
160 172 -7.84731373532080e-03
160 173 -1.18496472663139e-02
160 174 -6.05968562758687e-03
160 175 -1.07689242415334e-01
160 177 -1.70473047020240e-02
160 182 -7.34823194148592e-03
160 183 -1.18496472663139e-02
160 186 -9.69184644801929e-03
160 187 -1.01184605649572e-01
160 188 -2.50835096139756e-02
160 41 -6.65017903906793e-03
160 48 -2.26480278980279e-02
160 58 -9.12420912420914e-03
160 66 -1.98871080418700e-02
160 77 -1.18496472663139e-02
160 198 -2.84411200694270e-02
160 200 -3.87130952380953e-02
160 203 -1.10180677608367e-01
160 204 -5.45217255701383e-02
160 205 -4.16698057610624e-01
160 206 -3.96295167927785e-02
160 208 -1.85810485810486e-02
160 212 -7.95364904455814e-02
160 213 -4.10008911573109e-01
160 214 -4.81976829583311e-01
160 216 -1.66666666666667e-01
160 217 -1.22390572390573e-02
160 220 -3.90041176387627e-01
160 221 -5.77493550220823e-02
160 222 -1.02018798211391e-01
160 223 -1.52607223742230e-02
160 228 -1.40315411611708e-02
160 231 -6.46276424274661e-03
160 232 -7.53424514294080e-02
160 233 -5.75883003672729e-02
160 251 -8.74167601945380e-03
160 254 -1.75722005899255e-02
160 257 -2.41470008729268e-02
161 161 5.22791676128359e+00
161 143 -3.84615384615385e-02
161 144 -1.20062886685462e-02
161 148 -4.18073162548472e-02
161 151 -8.39160839160840e-02
161 152 -1.13723091723092e+00
161 153 -2.46888890406086e-01
161 160 -9.85833057097388e-02
161 162 -2.36119145600627e-01
161 165 -1.71270154965807e-02
161 166 -4.34822892169374e-01
161 167 -2.85033224662855e-02
161 169 -5.94832561043741e-03
161 170 -2.85612650271632e-01
161 171 -5.01957462827028e-02
161 172 -4.05011712064798e-01
161 173 -7.74250440917086e-03
161 175 -1.14127975173869e-01
161 176 -5.61719412402643e-03
161 182 -2.38576039236882e-01
161 183 -7.74250440917086e-03
161 186 -4.00392411422539e-02
161 187 -1.10010018066814e-01
161 48 -2.15838122782568e-02
161 52 -4.75599669148057e-03
161 55 -8.17801431136203e-02
161 58 -8.15850815850816e-02
161 60 -4.30550632163536e-02
161 64 -4.54545454545455e-02
161 65 -3.36463425092188e-01
161 66 -3.92817197996685e-01
161 70 -1.72335845547627e-02
161 72 -4.89836834507242e-02
161 76 -3.82316223662377e-01
161 77 -7.74250440917086e-03
161 220 -1.36634577699393e-02
161 230 -4.56961451247166e-03
161 231 -2.21287729756268e-02
161 232 -2.98182654704394e-02
162 162 5.60322924403256e+00
162 149 -4.15283514578048e-02
162 153 -1.84676100893032e-01
162 154 -1.05392015392015e+00
162 160 -1.30024410562330e-01
162 161 -2.36119145600627e-01
162 163 -1.00000000000000e+00
162 166 -1.47550367197634e-02
162 167 -2.63165543059723e-01
162 170 -3.11631878134447e-02
162 173 -1.04942680776014e+00
162 175 -2.40858325275165e-01
162 183 -4.94268077601411e-02
162 187 -1.68871191346462e-02
162 66 -1.76518014613253e-01
162 67 -1.00000000000000e+00
162 77 -4.94268077601411e-02
162 220 -9.02900254752107e-03
162 221 -5.39201539201540e-02
163 163 5.80586069051276e+00
163 155 -1.04935064935065e+00
163 162 -1.00000000000000e+00
163 164 -1.00000000000000e+00
163 167 -1.00000000000000e+00
163 174 -1.00000000000000e+00
163 49 -3.59491857349000e-02
163 50 -3.64423830138116e-02
163 53 -1.79627191378344e-02
163 60 -8.60213834637798e-03
163 61 -7.85736229975862e-03
163 67 -2.12495475935568e-01
163 68 -2.11212187709884e-01
163 73 -1.43660715457951e-02
163 78 -1.78127032892010e-01
163 82 -7.82708484551803e-03
164 164 5.54021040682589e+00
164 150 -2.11785383863562e-02
164 156 -1.00000000000000e+00
164 157 -2.36221710012986e-01
164 158 -2.27974097189097e-01
164 163 -1.00000000000000e+00
164 167 -2.27939335624130e-01
164 174 -2.90410873575358e-01
164 175 -2.72327044576376e-02
164 177 -1.02024098153645e-01
164 185 -1.13626874622089e-01
164 188 -5.36440538841625e-02
164 68 -1.00000000000000e+00
164 69 -2.18921260738465e-01
164 79 -2.15485354549871e-01
164 80 -3.40215023465643e-02
164 88 -5.76486334178642e-02
164 206 -1.64704366328350e-02
164 222 -3.85790114917021e-02
164 223 -3.47867752382363e-02
164 228 -1.02989975626518e-02
164 233 -1.09006074857927e-02
164 234 -1.14642282033587e-02
164 237 -1.14642282033587e-02
165 165 5.45894945135018e+00
165 120 -2.68687239644797e-02
165 130 -1.81065311500094e-02
165 137 -4.28036561699540e-02
165 140 -5.73067660916453e-02
165 141 -7.10961852309600e-02
165 142 -9.53245087750866e-02
165 143 -7.86713286713288e-03
165 148 -5.26686617638103e-02
165 151 -2.58168460980578e-01
165 152 -1.30324221233312e-02
165 159 -4.41989041306071e-01
165 161 -1.71270154965807e-02
165 166 -2.59898857675677e-01
165 168 -4.64303430910079e-01
165 169 -4.05300467618040e-01
165 170 -1.60871252521450e-02
165 171 -2.35204287199532e-01
165 172 -3.68887285553952e-02
165 176 -5.36135612484534e-01
165 178 -1.30512868683343e-01
165 179 -1.33749730774135e-01
165 180 -2.00444132772324e-02
165 186 -2.80263106001870e-02
165 38 -1.81065311500094e-02
165 47 -4.46045678437317e-02
165 56 -1.18584889098847e-01
165 57 -7.71991877870284e-02
165 58 -7.86713286713288e-03
165 62 -3.36531672161404e-02
165 63 -3.24716732542820e-01
165 64 -9.45328781890047e-02
165 65 -1.51515151515152e-02
165 74 -1.19008585346096e-01
165 75 -6.50411322198137e-02
165 204 -1.19875627018484e-02
165 207 -1.07056860054191e-02
165 209 -2.46595900969742e-02
165 211 -2.76384766027623e-02
165 212 -1.03305785123967e-02
165 218 -1.66666666666667e-01
165 229 -1.56924600481584e-02
165 230 -2.67475901066364e-02
165 231 -6.60704700559774e-03
165 239 -1.17511520737327e-02
166 166 4.81399312425368e+00
166 133 -5.01383247525223e-03
166 137 -8.08122369182278e-03
166 138 -5.26179857277741e-02
166 140 -3.43884995075472e-02
166 141 -1.48575878139092e-02
166 142 -3.46896401658307e-02
166 143 -7.22687568841415e-02
166 144 -3.26615402364962e-02
166 145 -5.70055768909385e-03
166 148 -1.96171399458522e-01
166 149 -1.39485163290679e-02
166 151 -2.16366293076539e-01
166 152 -1.41694356537014e-01
166 153 -4.17757083940947e-02
166 154 -1.20315711224802e-02
166 159 -5.77008552865095e-02
166 160 -6.58015950343993e-02
166 161 -4.34822892169374e-01
166 162 -1.47550367197634e-02
166 165 -2.59898857675677e-01
166 167 -2.02504480507527e-02
166 169 -4.21093491580197e-01
166 170 -4.20669249744537e-01
166 171 -1.38695118919384e-01
166 172 -4.17707068051160e-01
166 173 -1.51080246913580e-02
166 175 -4.41020900007558e-02
166 176 -4.83606709308942e-02
166 179 -1.67085088824220e-02
166 180 -2.24682799409307e-02
166 182 -2.94476831723608e-02
166 183 -1.51080246913580e-02
166 186 -2.46467485760245e-01
166 187 -5.32364945809458e-02
166 57 -9.03444381705253e-03
166 58 -7.22687568841415e-02
166 63 -1.51515151515152e-02
166 64 -5.93457925473736e-02
166 65 -1.94638694638695e-01
166 66 -7.64995762614810e-03
166 75 -8.10841332580464e-03
166 76 -1.29187846123664e-02
166 77 -1.51080246913580e-02
166 200 -4.67171717171718e-03
166 204 -6.01471174328318e-02
166 205 -1.87451984784436e-02
166 211 -5.61719233147805e-02
166 212 -6.00691564327927e-02
166 213 -5.80842743382426e-02
166 219 -2.22735133877028e-01
166 220 -7.19264885777232e-03
166 221 -5.89225589225590e-03
166 230 -5.64164761277335e-02
166 231 -4.91165367404617e-02
166 232 -2.03013572578790e-02
166 240 -8.89021096291962e-03
166 241 -1.18693083764768e-02
166 244 -1.11614177005971e-02
166 265 -3.90257738211883e-03
167 167 5.12937189297006e+00
167 129 -1.09955173427396e-02
167 133 -1.02263745627943e-02
167 138 -1.14134669954776e-02
167 139 -1.35262278873390e-02
167 145 -6.02051195587351e-02
167 148 -1.56224217174995e-02
167 149 -2.12521735811739e-01
167 150 -2.53931071182343e-02
167 152 -1.53373562464472e-02
167 153 -6.24671952582006e-02
167 154 -4.97879225151952e-02
167 155 -2.18070208255393e-01
167 157 -1.96347063703116e-02
167 158 -4.63418101443723e-01
167 160 1.14106505649115e-01
167 161 -2.85033224662855e-02
167 162 -2.63165543059723e-01
167 163 -1.00000000000000e+00
167 164 -2.27939335624130e-01
167 166 -2.02504480507527e-02
167 170 -1.03005086724855e-01
167 174 -2.28384880833358e-01
167 175 -3.73699090053382e-01
167 177 -7.39872962644572e-02
167 184 -1.99328100094498e-02
167 185 -4.19290131271698e-02
167 187 -6.29462909559168e-02
167 188 -9.92649785541057e-02
167 66 -1.04365651984700e-02
167 69 -7.29163110883541e-03
167 79 -1.28550093872675e-02
167 80 -1.41596754499980e-02
167 87 -6.95283609262104e-03
167 88 -1.44747725392887e-02
167 203 -5.43663731672991e-02
167 205 -3.16044504845211e-02
167 206 -6.33893224905144e-02
167 214 -1.37495083106194e-01
167 220 -5.22451142821514e-02
167 221 -4.60541562814289e-02
167 222 -3.22740459647452e-01
167 223 -5.34944255072800e-02
167 228 -3.59030484072514e-02
167 232 -3.41897233201581e-02
167 233 -8.59209132658087e-02
167 234 -3.14584771106511e-02
167 237 -3.85509437269272e-02
167 241 -1.95486370234896e-02
167 257 -1.33782578875172e-02
167 269 -1.14370598639631e-02
168 168 5.11125026432394e+00
168 137 -2.55050955519218e-02
168 140 -3.03836726896945e-02
168 141 -3.25863391021401e-02
168 142 -7.49423963133641e-03
168 148 -8.93514639482382e-03
168 151 -1.34546729567768e-02
168 159 -3.69805221082536e-01
168 165 -4.64303430910079e-01
168 169 -1.71803018159961e-01
168 171 -1.31444600280505e-02
168 176 -3.98652667854247e-01
168 178 -1.16449878598682e-02
168 179 -1.67047146401985e-02
168 56 -8.11249855474622e-03
168 57 -8.83590462833101e-03
168 62 -5.66451612903226e-02
168 74 -6.14464099895942e-03
168 75 -8.51612903225807e-03
168 196 -3.59001040582726e-03
168 207 -1.24167228610064e-02
168 209 -3.55134573774012e-01
168 218 -3.33333333333333e-01
168 224 -1.66666666666667e-01
168 229 -3.42055150884495e-01
168 239 -4.33179723502304e-02
169 169 4.91740487465971e+00
169 117 -6.59175084175085e-03
169 120 -9.91543553448316e-03
169 131 -8.12034746558557e-03
169 137 -1.56278940380323e-02
169 138 -2.36912721317483e-02
169 140 -5.29313659167229e-02
169 141 -1.69911553478641e-02
169 142 -4.21929212762546e-02
169 143 -1.10223110223110e-02
169 148 -4.75178942499522e-04
169 151 -1.35939751947657e-01
169 152 -3.09357309357310e-02
169 159 -3.80180460358547e-01
169 160 -5.11114890400605e-02
169 161 -5.94832561043741e-03
169 165 -4.05300467618040e-01
169 166 -4.21093491580197e-01
169 168 -1.71803018159961e-01
169 170 -2.17622410099555e-01
169 171 -1.24949618572024e-01
169 172 -3.90546768738269e-02
169 175 -8.25738604620593e-03
169 176 -3.81674239509909e-01
169 179 -2.02456113311654e-02
169 180 -2.72136178454552e-02
169 182 -6.66789067109214e-03
169 186 -4.60344801007234e-02
169 187 -1.56734402404501e-02
169 57 -5.87238848108414e-03
169 58 -1.10223110223110e-02
169 64 -5.74662491658540e-02
169 75 -5.16770186335404e-03
169 200 -1.51822991822992e-02
169 201 -8.66931216931217e-03
169 204 -5.87035777273873e-02
169 205 -9.12968975468976e-03
169 207 -9.59721016347945e-03
169 210 -6.00414078674949e-03
169 211 -3.97170838200600e-01
169 212 -5.19834710743801e-02
169 213 -3.19525527382670e-02
169 218 -3.33333333333333e-01
169 219 -3.90333061043460e-01
169 225 -1.69054442764760e-01
169 230 -3.97762896334526e-01
169 231 -4.38758160660508e-02
169 232 -4.30641821946170e-03
169 240 -1.49371772758126e-02
169 241 -9.85909188510646e-03
169 244 -1.55522217376497e-02
170 170 4.96193489626080e+00
170 117 -5.96340197133848e-03
170 125 -1.32344512564971e-02
170 133 -1.05912371807434e-02
170 138 -6.91040589823659e-02
170 140 -1.95317434867700e-02
170 142 -5.11754290193444e-03
170 143 -1.24209124209124e-02
170 144 -4.45831541246004e-02
170 145 -1.12479027276206e-02
170 148 1.12527532978072e-02
170 149 -2.55946658997806e-02
170 151 -3.39872248963159e-02
170 152 -7.05059839150748e-02
170 153 -6.83128778528768e-02
170 154 -1.89033189033189e-02
170 159 -4.86942974720753e-02
170 160 -4.98477119859797e-01
170 161 -2.85612650271632e-01
170 162 -3.11631878134447e-02
170 165 -1.60871252521450e-02
170 166 -4.20669249744537e-01
170 167 -1.03005086724855e-01
170 169 -2.17622410099555e-01
170 171 -1.70427881297447e-02
170 172 -4.51143630940517e-02
170 173 -3.06942527413542e-02
170 175 -4.64722612679740e-02
170 176 -2.98680088332393e-02
170 182 -4.23506175558490e-02
170 183 -3.06942527413542e-02
170 186 -8.31545633048034e-02
170 187 1.69075574718469e-02
170 188 -1.46292170723445e-02
170 58 -1.24209124209124e-02
170 66 -1.59625193072398e-02
170 76 -1.67960151906589e-02
170 77 -3.06942527413542e-02
170 200 -1.49750681417348e-02
170 203 -1.00669214187733e-02
170 204 -6.39819001300483e-02
170 205 -3.04425367727837e-02
170 211 -3.31418665109142e-02
170 212 -5.63715072805981e-02
170 213 -4.24906665546877e-01
170 215 -3.45078202873618e-02
170 219 -4.15086463078379e-01
170 220 -3.84405234417379e-01
170 221 -7.60649978041283e-02
170 222 -6.12268997776245e-03
170 226 -4.54545454545455e-02
170 230 -3.87285469679119e-02
170 231 -4.44346226532652e-01
170 232 -4.83478086642913e-02
170 233 -5.40811073632260e-02
170 240 -9.30328743565617e-03
170 241 -6.76796104087850e-02
170 244 -1.74536101543815e-02
170 254 -5.10771865798321e-03
170 265 -3.67766248933691e-02
171 171 5.21097095892027e+00
171 141 -1.85770750988143e-02
171 148 -1.56498639700221e-02
171 151 -2.16472959564433e-01
171 159 -1.65160926030491e-02
171 161 -5.01957462827028e-02
171 165 -2.35204287199532e-01
171 166 -1.38695118919384e-01
171 168 -1.31444600280505e-02
171 169 -1.24949618572023e-01
171 170 -1.70427881297447e-02
171 172 -1.14105242905243e+00
171 176 -1.65541658374148e-01
171 178 -5.47377279102385e-02
171 179 -2.14302361873750e-01
171 180 -1.04810659186536e+00
171 186 -7.43040809425345e-02
171 57 -2.28843268532710e-02
171 59 -1.31592787652696e-02
171 62 -3.01090909090910e-02
171 63 -8.54545454545455e-02
171 64 -3.36563772992445e-01
171 65 -9.26098249576511e-02
171 70 -1.91182938813674e-02
171 71 -6.48696754687539e-03
171 72 -7.14512577666255e-03
171 74 -4.71697054698458e-02
171 75 -3.62736154014215e-01
171 76 -4.52919254658385e-02
171 81 -4.75779021285934e-03
171 85 -2.23533842927852e-01
171 230 -6.41942162559274e-02
171 231 -1.58569128134346e-02
171 244 -4.67508181393175e-03
172 172 5.26068522858065e+00
172 143 -3.84615384615385e-02
172 151 -8.39160839160840e-02
172 152 -4.25644725644726e-02
172 160 -7.84731373532080e-03
172 161 -4.05011712064798e-01
172 165 -3.68887285553952e-02
172 166 -4.17707068051160e-01
172 169 -3.90546768738269e-02
172 170 -4.51143630940517e-02
172 171 -1.14105242905243e+00
172 173 -4.91887125220459e-02
172 175 -2.03946990139767e-02
172 176 -4.20860236727109e-02
172 181 -1.04344086021505e+00
172 182 -1.90579644123679e-01
172 183 -4.91887125220459e-02
172 186 -2.37485801340316e-01
172 187 -3.54048215195478e-02
172 55 -1.04347826086957e-02
172 58 -3.84615384615385e-02
172 59 -1.22285714285714e-02
172 64 -9.48386724386725e-02
172 65 -3.40301449275362e-01
172 70 -8.27044947572298e-02
172 72 -6.44801531645852e-02
172 75 -4.85079365079365e-02
172 76 -3.40637137818090e-01
172 77 -4.91887125220459e-02
172 85 -2.83838197644648e-02
172 86 -4.83440860215054e-02
172 219 -1.32293343905109e-02
172 230 -1.36731133127617e-02
172 231 -2.60415762782833e-02
172 244 -4.81110162902278e-03
173 173 5.63056853507570e+00
173 153 -5.08928571428572e-02
173 160 -1.18496472663139e-02
173 161 -7.74250440917079e-03
173 162 -1.04942680776014e+00
173 166 -1.51080246913580e-02
173 170 -3.06942527413542e-02
173 172 -4.91887125220459e-02
173 174 -1.00000000000000e+00
173 175 -1.06862203818726e+00
173 182 -4.87103174603175e-02
173 183 -1.56919056152927e-01
173 184 -1.04188034188034e+00
173 187 -6.79055478874320e-02
173 53 -8.60856042934897e-03
173 60 -1.39777360565891e-02
173 66 -4.52380952380953e-02
173 67 -1.78810889230244e-01
173 72 -7.50810718552654e-03
173 73 -8.16870239809308e-03
173 76 -4.52380952380953e-02
173 77 -3.75858054231710e-01
173 78 -1.77758623959341e-01
173 82 -1.57635852797143e-02
173 87 -4.52991452991453e-02
173 232 -1.08695652173913e-02
174 174 5.53824657093907e+00
174 158 -2.75609643332463e-02
174 160 -6.05968562758687e-03
174 163 -1.00000000000000e+00
174 164 -2.90410873575358e-01
174 167 -2.28384880833358e-01
174 173 -1.00000000000000e+00
174 175 -2.25435459738272e-01
174 177 -4.22930037650027e-02
174 184 -2.35925989097272e-01
174 185 -1.13857570705320e-01
174 187 -2.21234731138185e-02
174 188 -1.09046516181218e-01
174 78 -1.00000000000000e+00
174 79 -2.15573936219098e-01
174 80 -5.76486334178642e-02
174 87 -2.18820560960346e-01
174 88 -3.41790508912096e-02
174 222 -3.65556164351476e-02
174 223 -1.15391866941918e-02
174 233 -2.35052078687875e-02
174 234 -1.16712675408328e-02
174 237 -1.48710659787265e-02
174 241 -1.12927818061360e-02
174 269 -6.74630222587873e-03
175 175 5.20274486064679e+00
175 148 -1.14227243460048e-02
175 149 -9.16382940778484e-02
175 152 -1.48989898989899e-02
175 153 -3.26818287213388e-02
175 154 -7.96471205562115e-02
175 158 -4.97890322120908e-02
175 160 -1.07689242415334e-01
175 161 -1.14127975173869e-01
175 162 -2.40858325275164e-01
175 164 -2.72327044576376e-02
175 166 -4.41020900007558e-02
175 167 -3.73699090053382e-01
175 169 -8.25738604620593e-03
175 170 -4.64722612679740e-02
175 172 -2.03946990139767e-02
175 173 -1.06862203818726e+00
175 174 -2.25435459738272e-01
175 176 -6.68224391205758e-03
175 177 -3.96130141982455e-02
175 182 -2.34630170969291e-02
175 183 -6.86220381872557e-02
175 184 -2.07093124788337e-01
175 185 -2.83583160311271e-02
175 186 -4.62807262354571e-02
175 187 -3.29269750654064e-01
175 188 -8.55874444844583e-02
175 66 -1.65046053555370e-02
175 76 -8.61825889776201e-03
175 77 -6.86220381872557e-02
175 79 -6.35173237753883e-03
175 87 -1.32073365670313e-02
175 88 -1.40552995391705e-02
175 203 -8.89618406285074e-03
175 214 -6.67850833437254e-02
175 220 -9.79020768996615e-02
175 221 -4.28482023687939e-02
175 222 -1.25035439830688e-01
175 223 -1.70304563199597e-02
175 230 -8.33323474317264e-03
175 231 -7.49994359585486e-02
175 232 -6.27785003490838e-02
175 233 -2.98259723894887e-01
175 234 -1.72831838049230e-02
175 236 -1.39650029665391e-02
175 237 -2.51037935302946e-02
175 241 -9.29447843379588e-02
175 269 -2.27832835938810e-02
176 176 5.44504138982577e+00
176 148 -8.19701002930818e-03
176 151 -1.61490683229814e-02
176 159 -1.75347901696684e-01
176 161 -5.61719412402643e-03
176 165 -5.36135612484534e-01
176 166 -4.83606709308942e-02
176 168 -3.98652667854247e-01
176 169 -3.81674239509909e-01
176 170 -2.98680088332393e-02
176 171 -1.65541658374148e-01
176 172 -4.20860236727109e-02
176 175 -6.68224391205758e-03
176 178 -1.24005748809395e-01
176 179 -1.15147375729963e-01
176 180 -1.09632968402954e-01
176 182 -6.43985740869379e-03
176 186 -1.19313450360326e-01
176 187 -1.40433485399737e-02
176 62 -1.21290322580645e-02
176 64 -8.07453416149070e-03
176 74 -1.24505134883817e-02
176 75 -7.46192377047918e-02
176 218 -3.33333333333333e-01
176 219 -2.21556645621446e-02
176 229 -3.84346644472872e-01
176 230 -4.17682878712976e-01
176 231 -3.56635528210513e-02
176 235 -1.67214285714286e-01
176 239 -7.63643422629597e-02
176 240 -4.69407153780872e-01
176 241 -1.09169625995849e-02
176 244 -2.66176318426117e-02
177 177 5.23430530472369e+00
177 149 -2.12676066576903e-02
177 150 -2.85020754048291e-02
177 157 -3.10007712608302e-02
177 158 -7.11157944257225e-02
177 160 -1.70473047020240e-02
177 164 -1.02024098153645e-01
177 167 -7.39872962644572e-02
177 174 -4.22930037650027e-02
177 175 -3.96130141982456e-02
177 185 -1.53909496801202e-01
177 187 -1.14297599288360e-02
177 188 -4.38491205353581e-01
177 69 -1.13796181593615e-02
177 79 -6.86420890937020e-03
177 80 -6.71211942179685e-02
177 88 -1.70818070818071e-02
177 206 -4.00366532979417e-02
177 214 -1.83237589526717e-02
177 221 -1.30519480519481e-02
177 222 -1.09162311044850e-01
177 223 -2.15062900284320e-01
177 228 -2.64718592840030e-02
177 233 -1.31490533715146e-02
177 234 -1.06896365309409e+00
177 237 -7.26925520610821e-02
177 242 -1.86320096338017e-01
177 269 -5.34876475480675e-03
178 178 5.64415195559893e+00
178 165 -1.30512868683343e-01
178 168 -1.16449878598682e-02
178 171 -5.47377279102385e-02
178 176 -1.24005748809395e-01
178 179 -1.09719106699752e+00
178 62 -4.95483870967742e-02
178 74 -1.70107526881720e-01
178 75 -4.95483870967742e-02
178 84 -1.00000000000000e+00
178 229 -7.09677419354839e-03
178 239 -4.42396313364055e-02
179 179 5.43927012284020e+00
179 151 -2.13438735177866e-02
179 165 -1.33749730774135e-01
179 166 -1.67085088824220e-02
179 168 -1.67047146401985e-02
179 169 -2.02456113311654e-02
179 171 -2.14302361873750e-01
179 176 -1.15147375729963e-01
179 178 -1.09719106699752e+00
179 180 -1.04255583126551e+00
179 186 -7.00648654758052e-02
179 59 -8.44044728540046e-03
179 62 -1.92000000000000e-02
179 63 -4.00000000000000e-02
179 64 -1.21703982994306e-02
179 70 -6.66030755000578e-03
179 71 -1.27441102467117e-02
179 74 -4.91116625310174e-02
179 75 -3.51736937298644e-01
179 81 -1.30950316304114e-02
179 84 -1.77419354838710e-01
179 85 -1.81258086539044e-01
179 230 -8.65532317145221e-03
179 239 -1.64835164835165e-02
179 240 -4.60711331679074e-02
179 244 -4.13564929693962e-03
180 180 5.81106962682171e+00
180 165 -2.00444132772324e-02
180 166 -2.24682799409307e-02
180 169 -2.72136178454552e-02
180 171 -1.04810659186536e+00
180 176 -1.09632968402954e-01
180 179 -1.04255583126551e+00
180 181 -1.00000000000000e+00
180 186 -2.04234948833827e-01
180 85 -1.00000000000000e+00
180 230 -9.82677188114233e-03
180 240 -7.92445039063145e-03
180 244 -5.44216507275821e-03
181 181 5.81310751307750e+00
181 172 -1.04344086021505e+00
181 180 -1.00000000000000e+00
181 182 -1.00000000000000e+00
181 186 -1.00000000000000e+00
181 65 -4.53108929406265e-02
181 70 -1.40214051960195e-02
181 72 -1.15866215500127e-02
181 76 -4.34408602150538e-02
181 82 -2.27125073639122e-03
181 85 -2.20233296077902e-01
181 86 -1.77040698346630e-01
182 182 5.60257219976779e+00
182 160 -7.34823194148592e-03
182 161 -2.38576039236882e-01
182 166 -2.94476831723608e-02
182 169 -6.66789067109214e-03
182 170 -4.23506175558490e-02
182 172 -1.90579644123679e-01
182 173 -4.87103174603175e-02
182 175 -2.34630170969291e-02
182 176 -6.43985740869379e-03
182 181 -1.00000000000000e+00
182 183 -1.04871031746032e+00
182 186 -2.06897710555123e-01
182 187 -2.09632330806534e-01
182 76 -1.77593080242850e-01
182 77 -4.87103174603175e-02
182 86 -1.00000000000000e+00
182 230 -8.15766860179922e-03
182 231 -2.69719326471098e-02
182 232 -1.14016340524055e-02
182 241 -1.32712149491546e-02
183 183 5.63755925660522e+00
183 153 -5.08928571428572e-02
183 160 -1.18496472663139e-02
183 161 -7.74250440917079e-03
183 162 -4.94268077601411e-02
183 166 -1.51080246913580e-02
183 170 -3.06942527413542e-02
183 172 -4.91887125220459e-02
183 173 -1.56919056152927e-01
183 175 -6.86220381872557e-02
183 182 -1.04871031746032e+00
183 184 -1.04193548387097e+00
183 187 -1.06790554788743e+00
183 60 -7.26706638257107e-03
183 66 -4.52380952380953e-02
183 70 -4.66535148572089e-03
183 72 -1.20579278364138e-02
183 76 -4.52380952380953e-02
183 77 -3.74849893188863e-01
183 82 -1.17256513382944e-02
183 86 -1.76291334258296e-01
183 87 -4.36724565756824e-02
183 232 -1.08695652173913e-02
184 184 5.43077295726481e+00
184 167 -1.99328100094498e-02
184 173 -1.04188034188034e+00
184 174 -2.35925989097272e-01
184 175 -2.07093124788337e-01
184 183 -1.04193548387097e+00
184 185 -4.83930048446178e-02
184 187 -1.90312453182070e-01
184 188 -3.14799391783023e-02
184 60 -1.72220252865414e-02
184 67 -4.84737484737485e-02
184 72 -1.63062743707905e-02
184 73 -1.30628346012962e-02
184 77 -3.29031046152633e-02
184 78 -4.79609279609280e-02
184 82 -7.11899156812309e-02
184 86 -4.68982630272953e-02
184 87 -3.54120180805525e-01
184 88 -4.52440033085195e-02
184 222 -1.11209102595060e-02
184 233 -1.97090626129822e-02
184 241 -1.37155410204318e-02
184 269 -4.87306542457427e-03
185 185 5.26330669101960e+00
185 150 -5.45019496632400e-03
185 157 -4.80902162353776e-02
185 158 -2.72913466461854e-02
185 164 -1.13626874622089e-01
185 167 -4.19290131271698e-02
185 174 -1.13857570705320e-01
185 175 -2.83583160311271e-02
185 177 -1.53909496801202e-01
185 184 -4.83930048446178e-02
185 187 -6.05577218480445e-03
185 188 -1.60810193390839e-01
185 61 -6.53831845238095e-03
185 69 -4.35483870967742e-02
185 73 -1.23446323641636e-02
185 79 -9.04395604395605e-02
185 80 -3.63351417212595e-01
185 83 -1.20808770222833e-02
185 87 -4.47503101736973e-02
185 88 -3.62839884474500e-01
185 223 -7.06506754893852e-03
185 242 -3.57142857142857e-02
186 186 5.18513471322353e+00
186 148 -1.52398826411939e-02
186 151 -1.53020892151327e-02
186 160 -9.69184644801929e-03
186 161 -4.00392411422539e-02
186 165 -2.80263106001871e-02
186 166 -2.46467485760245e-01
186 169 -4.60344801007234e-02
186 170 -8.31545633048034e-02
186 171 -7.43040809425345e-02
186 172 -2.37485801340316e-01
186 175 -4.62807262354571e-02
186 176 -1.19313450360326e-01
186 179 -7.00648654758052e-02
186 180 -2.04234948833827e-01
186 181 -1.00000000000000e+00
186 182 -2.06897710555123e-01
186 187 -2.40313125482166e-01
186 76 -1.44706040537871e-02
186 219 -4.36644381249183e-02
186 225 -6.00709786990154e-03
186 230 -8.98215786670671e-02
186 231 -6.43378349781490e-02
186 232 -2.92214875665086e-02
186 240 -2.90675772268029e-02
186 241 -2.87143413833205e-02
186 244 -3.65642184328750e-02
186 265 -2.54108923535556e-02
186 270 -6.45220935716947e-03
187 187 5.29178523898059e+00
187 152 -1.22234247234247e-02
187 153 -1.66842219532293e-02
187 160 -1.01184605649572e-01
187 161 -1.10010018066814e-01
187 162 -1.68871191346462e-02
187 166 -5.32364945809458e-02
187 167 -6.29462909559168e-02
187 169 -1.56734402404501e-02
187 170 1.69075574718469e-02
187 172 -3.54048215195478e-02
187 173 -6.79055478874320e-02
187 174 -2.21234731138185e-02
187 175 -3.29269750654064e-01
187 176 -1.40433485399737e-02
187 177 -1.14297599288360e-02
187 182 -2.09632330806534e-01
187 183 -1.06790554788743e+00
187 184 -1.90312453182070e-01
187 185 -6.05577218480445e-03
187 186 -2.40313125482166e-01
187 188 -3.84526447580993e-02
187 66 -8.75746272744203e-03
187 76 -1.47230305555291e-02
187 77 -6.79055478874320e-02
187 87 -5.61914672216441e-03
187 219 -1.36500319204976e-02
187 220 -4.83271722090160e-02
187 221 -3.36910816574211e-02
187 222 -2.09524833612148e-02
187 230 -2.16185627102557e-02
187 231 -9.59715444491173e-02
187 232 -4.00097792774174e-02
187 233 -8.17586915707534e-02
187 241 -2.64065593456513e-01
187 244 -8.24895804084150e-03
187 269 -8.14779027578196e-03
188 188 5.20156675199956e+00
188 149 -1.34622770919067e-02
188 150 -9.83758763029970e-03
188 157 -1.04927177561586e-02
188 158 -5.86053510873103e-02
188 160 -2.50835096139756e-02
188 164 -5.36440538841625e-02
188 167 -9.92649785541058e-02
188 170 -1.46292170723445e-02
188 174 -1.09046516181218e-01
188 175 -8.55874444844583e-02
188 177 -4.38491205353581e-01
188 184 -3.14799391783023e-02
188 185 -1.60810193390839e-01
188 187 -3.84526447580993e-02
188 69 -4.80844285145361e-03
188 79 -9.33114123941615e-03
188 80 -1.79365079365080e-02
188 87 -1.12420410103379e-02
188 88 -7.09791642049707e-02
188 206 -2.31627273399389e-02
188 214 -1.63254948069763e-02
188 221 -2.40362146813760e-02
188 222 -6.64834978738500e-03
188 223 -7.48265680233043e-02
188 228 -5.82547904472221e-02
188 232 -1.60122294203641e-02
188 233 -7.37219812140459e-02
188 234 -4.65783160090738e-02
188 236 -5.22088984157374e-02
188 237 -1.42847433931034e-01
188 241 -2.60754407714851e-02
188 242 -4.33739148760614e-01
188 269 -6.77175753054974e-02
