469 568 469 568
469 469 5.33333333333333e+00
469 470 -1.66666666666667e-01
469 474 -3.33333333333333e-01
469 479 -3.33333333333333e-01
469 484 -3.33333333333333e-01
469 489 -1.66666666666667e-01
469 351 -1.66666666666667e-01
469 356 -3.33333333333333e-01
469 366 -3.33333333333333e-01
470 470 5.16666666666667e+00
470 469 -1.66666666666667e-01
470 471 -1.66666666666667e-01
470 474 -3.33333333333333e-01
470 475 -3.33333333333333e-01
470 479 -3.33333333333333e-01
470 480 -3.33333333333333e-01
470 485 -3.33333333333333e-01
470 490 -1.66666666666667e-01
470 352 -1.66666666666667e-01
470 356 -3.33333333333333e-01
470 357 -3.33333333333333e-01
470 367 -3.33333333333333e-01
471 471 5.16666666666667e+00
471 470 -1.66666666666667e-01
471 472 -1.66666666666667e-01
471 475 -3.33333333333333e-01
471 476 -3.33333333333333e-01
471 480 -3.33333333333333e-01
471 481 -3.33333333333333e-01
471 486 -3.33333333333333e-01
471 491 -1.66666666666667e-01
471 353 -1.66666666666667e-01
471 357 -3.33333333333333e-01
471 358 -3.33333333333333e-01
471 368 -3.33333333333333e-01
472 472 5.16666666666667e+00
472 471 -1.66666666666667e-01
472 473 -1.66666666666667e-01
472 476 -3.33333333333333e-01
472 477 -3.33333333333333e-01
472 481 -3.33333333333333e-01
472 482 -3.33333333333333e-01
472 487 -3.33333333333333e-01
472 492 -1.66666666666667e-01
472 354 -1.66666666666667e-01
472 358 -3.33333333333333e-01
472 359 -3.33333333333333e-01
472 369 -3.33333333333333e-01
473 473 5.16666666666667e+00
473 472 -1.66666666666667e-01
473 477 -3.33333333333333e-01
473 478 -3.33333333333333e-01
473 482 -3.33333333333333e-01
473 483 -3.33333333333333e-01
473 488 -3.33333333333333e-01
473 493 -1.66666666666667e-01
473 355 -1.66666666666667e-01
473 359 -3.33333333333333e-01
473 360 -3.33333333333333e-01
473 370 -3.33333333333333e-01
474 474 5.33333333333333e+00
474 469 -3.33333333333333e-01
474 470 -3.33333333333333e-01
474 475 -1.66666666666667e-01
474 479 -3.33333333333333e-01
474 484 -3.33333333333333e-01
474 485 -3.33333333333333e-01
474 494 -1.66666666666667e-01
474 356 -1.66666666666667e-01
475 475 5.33333333333333e+00
475 470 -3.33333333333333e-01
475 471 -3.33333333333333e-01
475 474 -1.66666666666667e-01
475 476 -1.66666666666667e-01
475 480 -3.33333333333333e-01
475 485 -3.33333333333333e-01
475 486 -3.33333333333333e-01
475 495 -1.66666666666667e-01
475 357 -1.66666666666667e-01
476 476 5.33333333333333e+00
476 471 -3.33333333333333e-01
476 472 -3.33333333333333e-01
476 475 -1.66666666666667e-01
476 477 -1.66666666666667e-01
476 481 -3.33333333333333e-01
476 486 -3.33333333333333e-01
476 487 -3.33333333333333e-01
476 496 -1.66666666666667e-01
476 358 -1.66666666666667e-01
477 477 5.33333333333333e+00
477 472 -3.33333333333333e-01
477 473 -3.33333333333333e-01
477 476 -1.66666666666667e-01
477 478 -1.66666666666667e-01
477 482 -3.33333333333333e-01
477 487 -3.33333333333333e-01
477 488 -3.33333333333333e-01
477 497 -1.66666666666667e-01
477 359 -1.66666666666667e-01
478 478 5.50000000000000e+00
478 473 -3.33333333333333e-01
478 477 -1.66666666666667e-01
478 483 -3.33333333333333e-01
478 488 -3.33333333333333e-01
478 498 -1.66666666666667e-01
478 360 -1.66666666666667e-01
479 479 5.00000000000000e+00
479 469 -3.33333333333333e-01
479 470 -3.33333333333333e-01
479 474 -3.33333333333333e-01
479 480 -1.66666666666667e-01
479 484 -3.33333333333333e-01
479 485 -3.33333333333333e-01
479 489 -3.33333333333333e-01
479 490 -3.33333333333333e-01
479 494 -3.33333333333333e-01
479 499 -1.66666666666667e-01
479 356 -3.33333333333333e-01
479 361 -1.66666666666667e-01
479 366 -3.33333333333333e-01
479 367 -3.33333333333333e-01
479 377 -3.33333333333333e-01
480 480 5.00000000000000e+00
480 470 -3.33333333333333e-01
480 471 -3.33333333333333e-01
480 475 -3.33333333333333e-01
480 479 -1.66666666666667e-01
480 481 -1.66666666666667e-01
480 485 -3.33333333333333e-01
480 486 -3.33333333333333e-01
480 490 -3.33333333333333e-01
480 491 -3.33333333333333e-01
480 495 -3.33333333333333e-01
480 500 -1.66666666666667e-01
480 357 -3.33333333333333e-01
480 362 -1.66666666666667e-01
480 367 -3.33333333333333e-01
480 368 -3.33333333333333e-01
480 378 -3.33333333333333e-01
481 481 5.00000000000000e+00
481 471 -3.33333333333333e-01
481 472 -3.33333333333333e-01
481 476 -3.33333333333333e-01
481 480 -1.66666666666667e-01
481 482 -1.66666666666667e-01
481 486 -3.33333333333333e-01
481 487 -3.33333333333333e-01
481 491 -3.33333333333333e-01
481 492 -3.33333333333333e-01
481 496 -3.33333333333333e-01
481 501 -1.66666666666667e-01
481 358 -3.33333333333333e-01
481 363 -1.66666666666667e-01
481 368 -3.33333333333333e-01
481 369 -3.33333333333333e-01
481 379 -3.33333333333333e-01
482 482 5.00000000000000e+00
482 472 -3.33333333333333e-01
482 473 -3.33333333333333e-01
482 477 -3.33333333333333e-01
482 481 -1.66666666666667e-01
482 483 -1.66666666666667e-01
482 487 -3.33333333333333e-01
482 488 -3.33333333333333e-01
482 492 -3.33333333333333e-01
482 493 -3.33333333333333e-01
482 497 -3.33333333333333e-01
482 502 -1.66666666666667e-01
482 359 -3.33333333333333e-01
482 364 -1.66666666666667e-01
482 369 -3.33333333333333e-01
482 370 -3.33333333333333e-01
482 380 -3.33333333333333e-01
483 483 5.16666666666667e+00
483 473 -3.33333333333333e-01
483 478 -3.33333333333333e-01
483 482 -1.66666666666667e-01
483 488 -3.33333333333333e-01
483 493 -3.33333333333333e-01
483 498 -3.33333333333333e-01
483 503 -1.66666666666667e-01
483 360 -3.33333333333333e-01
483 365 -1.66666666666667e-01
483 370 -3.33333333333333e-01
483 381 -3.33333333333333e-01
484 484 5.33333333333333e+00
484 469 -3.33333333333333e-01
484 474 -3.33333333333333e-01
484 479 -3.33333333333333e-01
484 485 -1.66666666666667e-01
484 489 -3.33333333333333e-01
484 494 -3.33333333333333e-01
484 504 -1.66666666666667e-01
484 366 -1.66666666666667e-01
485 485 5.16666666666667e+00
485 470 -3.33333333333333e-01
485 474 -3.33333333333333e-01
485 475 -3.33333333333333e-01
485 479 -3.33333333333333e-01
485 480 -3.33333333333333e-01
485 484 -1.66666666666667e-01
485 486 -1.66666666666667e-01
485 490 -3.33333333333333e-01
485 494 -3.33333333333333e-01
485 495 -3.33333333333333e-01
485 505 -1.66666666666667e-01
485 367 -1.66666666666667e-01
486 486 5.16666666666667e+00
486 471 -3.33333333333333e-01
486 475 -3.33333333333333e-01
486 476 -3.33333333333333e-01
486 480 -3.33333333333333e-01
486 481 -3.33333333333333e-01
486 485 -1.66666666666667e-01
486 487 -1.66666666666667e-01
486 491 -3.33333333333333e-01
486 495 -3.33333333333333e-01
486 496 -3.33333333333333e-01
486 506 -1.66666666666667e-01
486 368 -1.66666666666667e-01
487 487 5.16666666666667e+00
487 472 -3.33333333333333e-01
487 476 -3.33333333333333e-01
487 477 -3.33333333333333e-01
487 481 -3.33333333333333e-01
487 482 -3.33333333333333e-01
487 486 -1.66666666666667e-01
487 488 -1.66666666666667e-01
487 492 -3.33333333333333e-01
487 496 -3.33333333333333e-01
487 497 -3.33333333333333e-01
487 507 -1.66666666666667e-01
487 369 -1.66666666666667e-01
488 488 5.16666666666667e+00
488 473 -3.33333333333333e-01
488 477 -3.33333333333333e-01
488 478 -3.33333333333333e-01
488 482 -3.33333333333333e-01
488 483 -3.33333333333333e-01
488 487 -1.66666666666667e-01
488 493 -3.33333333333333e-01
488 497 -3.33333333333333e-01
488 498 -3.33333333333333e-01
488 508 -1.66666666666667e-01
488 370 -1.66666666666667e-01
489 489 5.16666666666667e+00
489 469 -1.66666666666667e-01
489 479 -3.33333333333333e-01
489 484 -3.33333333333333e-01
489 490 -1.66666666666667e-01
489 494 -3.33333333333333e-01
489 499 -3.33333333333333e-01
489 504 -3.33333333333333e-01
489 509 -1.66666666666667e-01
489 366 -3.33333333333333e-01
489 371 -1.66666666666667e-01
489 377 -3.33333333333333e-01
489 387 -3.33333333333333e-01
490 490 5.00000000000000e+00
490 470 -1.66666666666667e-01
490 479 -3.33333333333333e-01
490 480 -3.33333333333333e-01
490 485 -3.33333333333333e-01
490 489 -1.66666666666667e-01
490 491 -1.66666666666667e-01
490 494 -3.33333333333333e-01
490 495 -3.33333333333333e-01
490 499 -3.33333333333333e-01
490 500 -3.33333333333333e-01
490 505 -3.33333333333333e-01
490 510 -1.66666666666667e-01
490 367 -3.33333333333333e-01
490 372 -1.66666666666667e-01
490 377 -3.33333333333333e-01
490 378 -3.33333333333333e-01
490 388 -3.33333333333333e-01
491 491 5.00000000000000e+00
491 471 -1.66666666666667e-01
491 480 -3.33333333333333e-01
491 481 -3.33333333333333e-01
491 486 -3.33333333333333e-01
491 490 -1.66666666666667e-01
491 492 -1.66666666666667e-01
491 495 -3.33333333333333e-01
491 496 -3.33333333333333e-01
491 500 -3.33333333333333e-01
491 501 -3.33333333333333e-01
491 506 -3.33333333333333e-01
491 511 -1.66666666666667e-01
491 368 -3.33333333333333e-01
491 374 -1.66666666666667e-01
491 378 -3.33333333333333e-01
491 379 -3.33333333333333e-01
491 389 -3.33333333333333e-01
492 492 5.00000000000000e+00
492 472 -1.66666666666667e-01
492 481 -3.33333333333333e-01
492 482 -3.33333333333333e-01
492 487 -3.33333333333333e-01
492 491 -1.66666666666667e-01
492 493 -1.66666666666667e-01
492 496 -3.33333333333333e-01
492 497 -3.33333333333333e-01
492 501 -3.33333333333333e-01
492 502 -3.33333333333333e-01
492 507 -3.33333333333333e-01
492 512 -1.66666666666667e-01
492 369 -3.33333333333333e-01
492 375 -1.66666666666667e-01
492 379 -3.33333333333333e-01
492 380 -3.33333333333333e-01
492 390 -3.33333333333333e-01
493 493 5.00000000000000e+00
493 473 -1.66666666666667e-01
493 482 -3.33333333333333e-01
493 483 -3.33333333333333e-01
493 488 -3.33333333333333e-01
493 492 -1.66666666666667e-01
493 497 -3.33333333333333e-01
493 498 -3.33333333333333e-01
493 502 -3.33333333333333e-01
493 503 -3.33333333333333e-01
493 508 -3.33333333333333e-01
493 513 -1.66666666666667e-01
493 370 -3.33333333333333e-01
493 376 -1.66666666666667e-01
493 380 -3.33333333333333e-01
493 381 -3.33333333333333e-01
493 391 -3.33333333333333e-01
494 494 5.16666666666667e+00
494 474 -1.66666666666667e-01
494 479 -3.33333333333333e-01
494 484 -3.33333333333333e-01
494 485 -3.33333333333333e-01
494 489 -3.33333333333333e-01
494 490 -3.33333333333333e-01
494 495 -1.66666666666667e-01
494 499 -3.33333333333333e-01
494 504 -3.33333333333333e-01
494 505 -3.33333333333333e-01
494 514 -1.66666666666667e-01
494 377 -1.66666666666667e-01
495 495 5.16666666666667e+00
495 475 -1.66666666666667e-01
495 480 -3.33333333333333e-01
495 485 -3.33333333333333e-01
495 486 -3.33333333333333e-01
495 490 -3.33333333333333e-01
495 491 -3.33333333333333e-01
495 494 -1.66666666666667e-01
495 496 -1.66666666666667e-01
495 500 -3.33333333333333e-01
495 505 -3.33333333333333e-01
495 506 -3.33333333333333e-01
495 515 -1.66666666666667e-01
495 378 -1.66666666666667e-01
496 496 5.16666666666667e+00
496 476 -1.66666666666667e-01
496 481 -3.33333333333333e-01
496 486 -3.33333333333333e-01
496 487 -3.33333333333333e-01
496 491 -3.33333333333333e-01
496 492 -3.33333333333333e-01
496 495 -1.66666666666667e-01
496 497 -1.66666666666667e-01
496 501 -3.33333333333333e-01
496 506 -3.33333333333333e-01
496 507 -3.33333333333333e-01
496 516 -1.66666666666667e-01
496 379 -1.66666666666667e-01
497 497 5.16666666666667e+00
497 477 -1.66666666666667e-01
497 482 -3.33333333333333e-01
497 487 -3.33333333333333e-01
497 488 -3.33333333333333e-01
497 492 -3.33333333333333e-01
497 493 -3.33333333333333e-01
497 496 -1.66666666666667e-01
497 498 -1.66666666666667e-01
497 502 -3.33333333333333e-01
497 507 -3.33333333333333e-01
497 508 -3.33333333333333e-01
497 517 -1.66666666666667e-01
497 380 -1.66666666666667e-01
498 498 5.33333333333333e+00
498 478 -1.66666666666667e-01
498 483 -3.33333333333333e-01
498 488 -3.33333333333333e-01
498 493 -3.33333333333333e-01
498 497 -1.66666666666667e-01
498 503 -3.33333333333333e-01
498 508 -3.33333333333333e-01
498 518 -1.66666666666667e-01
498 381 -1.66666666666667e-01
499 499 5.00000000000000e+00
499 479 -1.66666666666667e-01
499 489 -3.33333333333333e-01
499 490 -3.33333333333333e-01
499 494 -3.33333333333333e-01
499 500 -1.66666666666667e-01
499 504 -3.33333333333333e-01
499 505 -3.33333333333333e-01
499 509 -3.33333333333333e-01
499 510 -3.33333333333333e-01
499 514 -3.33333333333333e-01
499 519 -1.66666666666667e-01
499 377 -3.33333333333333e-01
499 382 -1.66666666666667e-01
499 387 -3.33333333333333e-01
499 388 -3.33333333333333e-01
499 397 -3.33333333333333e-01
500 500 5.00000000000000e+00
500 480 -1.66666666666667e-01
500 490 -3.33333333333333e-01
500 491 -3.33333333333333e-01
500 495 -3.33333333333333e-01
500 499 -1.66666666666667e-01
500 501 -1.66666666666667e-01
500 505 -3.33333333333333e-01
500 506 -3.33333333333333e-01
500 510 -3.33333333333333e-01
500 511 -3.33333333333333e-01
500 515 -3.33333333333333e-01
500 520 -1.66666666666667e-01
500 378 -3.33333333333333e-01
500 383 -1.66666666666667e-01
500 388 -3.33333333333333e-01
500 389 -3.33333333333333e-01
500 398 -3.33333333333333e-01
501 501 5.00000000000000e+00
501 481 -1.66666666666667e-01
501 491 -3.33333333333333e-01
501 492 -3.33333333333333e-01
501 496 -3.33333333333333e-01
501 500 -1.66666666666667e-01
501 502 -1.66666666666667e-01
501 506 -3.33333333333333e-01
501 507 -3.33333333333333e-01
501 511 -3.33333333333333e-01
501 512 -3.33333333333333e-01
501 516 -3.33333333333333e-01
501 521 -1.66666666666667e-01
501 379 -3.33333333333333e-01
501 384 -1.66666666666667e-01
501 389 -3.33333333333333e-01
501 390 -3.33333333333333e-01
501 399 -3.33333333333333e-01
502 502 5.00000000000000e+00
502 482 -1.66666666666667e-01
502 492 -3.33333333333333e-01
502 493 -3.33333333333333e-01
502 497 -3.33333333333333e-01
502 501 -1.66666666666667e-01
502 503 -1.66666666666667e-01
502 507 -3.33333333333333e-01
502 508 -3.33333333333333e-01
502 512 -3.33333333333333e-01
502 513 -3.33333333333333e-01
502 517 -3.33333333333333e-01
502 522 -1.66666666666667e-01
502 380 -3.33333333333333e-01
502 385 -1.66666666666667e-01
502 390 -3.33333333333333e-01
502 391 -3.33333333333333e-01
502 400 -3.33333333333333e-01
503 503 5.16666666666667e+00
503 483 -1.66666666666667e-01
503 493 -3.33333333333333e-01
503 498 -3.33333333333333e-01
503 502 -1.66666666666667e-01
503 508 -3.33333333333333e-01
503 513 -3.33333333333333e-01
503 518 -3.33333333333333e-01
503 523 -1.66666666666667e-01
503 381 -3.33333333333333e-01
503 386 -1.66666666666667e-01
503 391 -3.33333333333333e-01
503 401 -3.33333333333333e-01
504 504 5.33333333333333e+00
504 484 -1.66666666666667e-01
504 489 -3.33333333333333e-01
504 494 -3.33333333333333e-01
504 499 -3.33333333333333e-01
504 505 -1.66666666666667e-01
504 509 -3.33333333333333e-01
504 514 -3.33333333333333e-01
504 524 -1.66666666666667e-01
504 387 -1.66666666666667e-01
505 505 5.16666666666667e+00
505 485 -1.66666666666667e-01
505 490 -3.33333333333333e-01
505 494 -3.33333333333333e-01
505 495 -3.33333333333333e-01
505 499 -3.33333333333333e-01
505 500 -3.33333333333333e-01
505 504 -1.66666666666667e-01
505 506 -1.66666666666667e-01
505 510 -3.33333333333333e-01
505 514 -3.33333333333333e-01
505 515 -3.33333333333333e-01
505 525 -1.66666666666667e-01
505 388 -1.66666666666667e-01
506 506 5.16666666666667e+00
506 486 -1.66666666666667e-01
506 491 -3.33333333333333e-01
506 495 -3.33333333333333e-01
506 496 -3.33333333333333e-01
506 500 -3.33333333333333e-01
506 501 -3.33333333333333e-01
506 505 -1.66666666666667e-01
506 507 -1.66666666666667e-01
506 511 -3.33333333333333e-01
506 515 -3.33333333333333e-01
506 516 -3.33333333333333e-01
506 526 -1.66666666666667e-01
506 389 -1.66666666666667e-01
507 507 5.16666666666667e+00
507 487 -1.66666666666667e-01
507 492 -3.33333333333333e-01
507 496 -3.33333333333333e-01
507 497 -3.33333333333333e-01
507 501 -3.33333333333333e-01
507 502 -3.33333333333333e-01
507 506 -1.66666666666667e-01
507 508 -1.66666666666667e-01
507 512 -3.33333333333333e-01
507 516 -3.33333333333333e-01
507 517 -3.33333333333333e-01
507 527 -1.66666666666667e-01
507 390 -1.66666666666667e-01
508 508 5.16666666666667e+00
508 488 -1.66666666666667e-01
508 493 -3.33333333333333e-01
508 497 -3.33333333333333e-01
508 498 -3.33333333333333e-01
508 502 -3.33333333333333e-01
508 503 -3.33333333333333e-01
508 507 -1.66666666666667e-01
508 513 -3.33333333333333e-01
508 517 -3.33333333333333e-01
508 518 -3.33333333333333e-01
508 528 -1.66666666666667e-01
508 391 -1.66666666666667e-01
509 509 5.16666666666667e+00
509 489 -1.66666666666667e-01
509 499 -3.33333333333333e-01
509 504 -3.33333333333333e-01
509 510 -1.66666666666667e-01
509 514 -3.33333333333333e-01
509 519 -3.33333333333333e-01
509 524 -3.33333333333333e-01
509 529 -1.66666666666667e-01
509 387 -3.33333333333333e-01
509 392 -1.66666666666667e-01
509 397 -3.33333333333333e-01
509 407 -3.33333333333333e-01
510 510 5.00000000000000e+00
510 490 -1.66666666666667e-01
510 499 -3.33333333333333e-01
510 500 -3.33333333333333e-01
510 505 -3.33333333333333e-01
510 509 -1.66666666666667e-01
510 511 -1.66666666666667e-01
510 514 -3.33333333333333e-01
510 515 -3.33333333333333e-01
510 519 -3.33333333333333e-01
510 520 -3.33333333333333e-01
510 525 -3.33333333333333e-01
510 530 -1.66666666666667e-01
510 388 -3.33333333333333e-01
510 393 -1.66666666666667e-01
510 397 -3.33333333333333e-01
510 398 -3.33333333333333e-01
510 408 -3.33333333333333e-01
511 511 5.00000000000000e+00
511 491 -1.66666666666667e-01
511 500 -3.33333333333333e-01
511 501 -3.33333333333333e-01
511 506 -3.33333333333333e-01
511 510 -1.66666666666667e-01
511 512 -1.66666666666667e-01
511 515 -3.33333333333333e-01
511 516 -3.33333333333333e-01
511 520 -3.33333333333333e-01
511 521 -3.33333333333333e-01
511 526 -3.33333333333333e-01
511 531 -1.66666666666667e-01
511 389 -3.33333333333333e-01
511 394 -1.66666666666667e-01
511 398 -3.33333333333333e-01
511 399 -3.33333333333333e-01
511 409 -3.33333333333333e-01
512 512 5.00000000000000e+00
512 492 -1.66666666666667e-01
512 501 -3.33333333333333e-01
512 502 -3.33333333333333e-01
512 507 -3.33333333333333e-01
512 511 -1.66666666666667e-01
512 513 -1.66666666666667e-01
512 516 -3.33333333333333e-01
512 517 -3.33333333333333e-01
512 521 -3.33333333333333e-01
512 522 -3.33333333333333e-01
512 527 -3.33333333333333e-01
512 532 -1.66666666666667e-01
512 390 -3.33333333333333e-01
512 395 -1.66666666666667e-01
512 399 -3.33333333333333e-01
512 400 -3.33333333333333e-01
512 411 -3.33333333333333e-01
513 513 5.00000000000000e+00
513 493 -1.66666666666667e-01
513 502 -3.33333333333333e-01
513 503 -3.33333333333333e-01
513 508 -3.33333333333333e-01
513 512 -1.66666666666667e-01
513 517 -3.33333333333333e-01
513 518 -3.33333333333333e-01
513 522 -3.33333333333333e-01
513 523 -3.33333333333333e-01
513 528 -3.33333333333333e-01
513 533 -1.66666666666667e-01
513 391 -3.33333333333333e-01
513 396 -1.66666666666667e-01
513 400 -3.33333333333333e-01
513 401 -3.33333333333333e-01
513 412 -3.33333333333333e-01
514 514 5.16666666666667e+00
514 494 -1.66666666666667e-01
514 499 -3.33333333333333e-01
514 504 -3.33333333333333e-01
514 505 -3.33333333333333e-01
514 509 -3.33333333333333e-01
514 510 -3.33333333333333e-01
514 515 -1.66666666666667e-01
514 519 -3.33333333333333e-01
514 524 -3.33333333333333e-01
514 525 -3.33333333333333e-01
514 534 -1.66666666666667e-01
514 397 -1.66666666666667e-01
515 515 5.16666666666667e+00
515 495 -1.66666666666667e-01
515 500 -3.33333333333333e-01
515 505 -3.33333333333333e-01
515 506 -3.33333333333333e-01
515 510 -3.33333333333333e-01
515 511 -3.33333333333333e-01
515 514 -1.66666666666667e-01
515 516 -1.66666666666667e-01
515 520 -3.33333333333333e-01
515 525 -3.33333333333333e-01
515 526 -3.33333333333333e-01
515 535 -1.66666666666667e-01
515 398 -1.66666666666667e-01
516 516 5.16666666666667e+00
516 496 -1.66666666666667e-01
516 501 -3.33333333333333e-01
516 506 -3.33333333333333e-01
516 507 -3.33333333333333e-01
516 511 -3.33333333333333e-01
516 512 -3.33333333333333e-01
516 515 -1.66666666666667e-01
516 517 -1.66666666666667e-01
516 521 -3.33333333333333e-01
516 526 -3.33333333333333e-01
516 527 -3.33333333333333e-01
516 536 -1.66666666666667e-01
516 399 -1.66666666666667e-01
517 517 5.16666666666667e+00
517 497 -1.66666666666667e-01
517 502 -3.33333333333333e-01
517 507 -3.33333333333333e-01
517 508 -3.33333333333333e-01
517 512 -3.33333333333333e-01
517 513 -3.33333333333333e-01
517 516 -1.66666666666667e-01
517 518 -1.66666666666667e-01
517 522 -3.33333333333333e-01
517 527 -3.33333333333333e-01
517 528 -3.33333333333333e-01
517 537 -1.66666666666667e-01
517 400 -1.66666666666667e-01
518 518 5.33333333333333e+00
518 498 -1.66666666666667e-01
518 503 -3.33333333333333e-01
518 508 -3.33333333333333e-01
518 513 -3.33333333333333e-01
518 517 -1.66666666666667e-01
518 523 -3.33333333333333e-01
518 528 -3.33333333333333e-01
518 538 -1.66666666666667e-01
518 401 -1.66666666666667e-01
519 519 5.00000000000000e+00
519 499 -1.66666666666667e-01
519 509 -3.33333333333333e-01
519 510 -3.33333333333333e-01
519 514 -3.33333333333333e-01
519 520 -1.66666666666667e-01
519 524 -3.33333333333333e-01
519 525 -3.33333333333333e-01
519 529 -3.33333333333333e-01
519 530 -3.33333333333333e-01
519 534 -3.33333333333333e-01
519 539 -1.66666666666667e-01
519 397 -3.33333333333333e-01
519 402 -1.66666666666667e-01
519 407 -3.33333333333333e-01
519 408 -3.33333333333333e-01
519 421 -3.33333333333333e-01
520 520 5.00000000000000e+00
520 500 -1.66666666666667e-01
520 510 -3.33333333333333e-01
520 511 -3.33333333333333e-01
520 515 -3.33333333333333e-01
520 519 -1.66666666666667e-01
520 521 -1.66666666666667e-01
520 525 -3.33333333333333e-01
520 526 -3.33333333333333e-01
520 530 -3.33333333333333e-01
520 531 -3.33333333333333e-01
520 535 -3.33333333333333e-01
520 540 -1.66666666666667e-01
520 398 -3.33333333333333e-01
520 403 -1.66666666666667e-01
520 408 -3.33333333333333e-01
520 409 -3.33333333333333e-01
520 422 -3.33333333333333e-01
521 521 5.16666666666667e+00
521 501 -1.66666666666667e-01
521 511 -3.33333333333333e-01
521 512 -3.33333333333333e-01
521 516 -3.33333333333333e-01
521 520 -1.66666666666667e-01
521 522 -1.66666666666667e-01
521 526 -3.33333333333333e-01
521 527 -3.33333333333333e-01
521 531 -3.33333333333333e-01
521 532 -3.33333333333333e-01
521 536 -3.33333333333333e-01
521 541 -1.66666666666667e-01
521 399 -1.66666666666667e-01
521 409 -1.66666666666667e-01
521 410 -1.00000000000000e+00
521 411 -1.66666666666667e-01
521 423 -1.66666666666667e-01
522 522 5.00000000000000e+00
522 502 -1.66666666666667e-01
522 512 -3.33333333333333e-01
522 513 -3.33333333333333e-01
522 517 -3.33333333333333e-01
522 521 -1.66666666666667e-01
522 523 -1.66666666666667e-01
522 527 -3.33333333333333e-01
522 528 -3.33333333333333e-01
522 532 -3.33333333333333e-01
522 533 -3.33333333333333e-01
522 537 -3.33333333333333e-01
522 542 -1.66666666666667e-01
522 400 -3.33333333333333e-01
522 405 -1.66666666666667e-01
522 411 -3.33333333333333e-01
522 412 -3.33333333333333e-01
522 425 -3.33333333333333e-01
523 523 5.16666666666667e+00
523 503 -1.66666666666667e-01
523 513 -3.33333333333333e-01
523 518 -3.33333333333333e-01
523 522 -1.66666666666667e-01
523 528 -3.33333333333333e-01
523 533 -3.33333333333333e-01
523 538 -3.33333333333333e-01
523 543 -1.66666666666667e-01
523 401 -3.33333333333333e-01
523 406 -1.66666666666667e-01
523 412 -3.33333333333333e-01
523 426 -3.33333333333333e-01
524 524 5.33333333333333e+00
524 504 -1.66666666666667e-01
524 509 -3.33333333333333e-01
524 514 -3.33333333333333e-01
524 519 -3.33333333333333e-01
524 525 -1.66666666666667e-01
524 529 -3.33333333333333e-01
524 534 -3.33333333333333e-01
524 544 -1.66666666666667e-01
524 407 -1.66666666666667e-01
525 525 5.16666666666667e+00
525 505 -1.66666666666667e-01
525 510 -3.33333333333333e-01
525 514 -3.33333333333333e-01
525 515 -3.33333333333333e-01
525 519 -3.33333333333333e-01
525 520 -3.33333333333333e-01
525 524 -1.66666666666667e-01
525 526 -1.66666666666667e-01
525 530 -3.33333333333333e-01
525 534 -3.33333333333333e-01
525 535 -3.33333333333333e-01
525 545 -1.66666666666667e-01
525 408 -1.66666666666667e-01
526 526 5.16666666666667e+00
526 506 -1.66666666666667e-01
526 511 -3.33333333333333e-01
526 515 -3.33333333333333e-01
526 516 -3.33333333333333e-01
526 520 -3.33333333333333e-01
526 521 -3.33333333333333e-01
526 525 -1.66666666666667e-01
526 527 -1.66666666666667e-01
526 531 -3.33333333333333e-01
526 535 -3.33333333333333e-01
526 536 -3.33333333333333e-01
526 546 -1.66666666666667e-01
526 409 -1.66666666666667e-01
527 527 5.16666666666667e+00
527 507 -1.66666666666667e-01
527 512 -3.33333333333333e-01
527 516 -3.33333333333333e-01
527 517 -3.33333333333333e-01
527 521 -3.33333333333333e-01
527 522 -3.33333333333333e-01
527 526 -1.66666666666667e-01
527 528 -1.66666666666667e-01
527 532 -3.33333333333333e-01
527 536 -3.33333333333333e-01
527 537 -3.33333333333333e-01
527 547 -1.66666666666667e-01
527 411 -1.66666666666667e-01
528 528 5.16666666666667e+00
528 508 -1.66666666666667e-01
528 513 -3.33333333333333e-01
528 517 -3.33333333333333e-01
528 518 -3.33333333333333e-01
528 522 -3.33333333333333e-01
528 523 -3.33333333333333e-01
528 527 -1.66666666666667e-01
528 533 -3.33333333333333e-01
528 537 -3.33333333333333e-01
528 538 -3.33333333333333e-01
528 548 -1.66666666666667e-01
528 412 -1.66666666666667e-01
529 529 5.16666666666667e+00
529 509 -1.66666666666667e-01
529 519 -3.33333333333333e-01
529 524 -3.33333333333333e-01
529 530 -1.66666666666667e-01
529 534 -3.33333333333333e-01
529 539 -3.33333333333333e-01
529 544 -3.33333333333333e-01
529 549 -1.66666666666667e-01
529 407 -3.33333333333333e-01
529 413 -1.66666666666667e-01
529 421 -3.33333333333333e-01
529 435 -3.33333333333333e-01
530 530 5.00000000000000e+00
530 510 -1.66666666666667e-01
530 519 -3.33333333333333e-01
530 520 -3.33333333333333e-01
530 525 -3.33333333333333e-01
530 529 -1.66666666666667e-01
530 531 -1.66666666666667e-01
530 534 -3.33333333333333e-01
530 535 -3.33333333333333e-01
530 539 -3.33333333333333e-01
530 540 -3.33333333333333e-01
530 545 -3.33333333333333e-01
530 550 -1.66666666666667e-01
530 408 -3.33333333333333e-01
530 415 -1.66666666666667e-01
530 421 -3.33333333333333e-01
530 422 -3.33333333333333e-01
530 436 -3.33333333333333e-01
531 531 5.00000000000000e+00
531 511 -1.66666666666667e-01
531 520 -3.33333333333333e-01
531 521 -3.33333333333333e-01
531 526 -3.33333333333333e-01
531 530 -1.66666666666667e-01
531 532 -1.66666666666667e-01
531 535 -3.33333333333333e-01
531 536 -3.33333333333333e-01
531 540 -3.33333333333333e-01
531 541 -3.33333333333333e-01
531 546 -3.33333333333333e-01
531 551 -1.66666666666667e-01
531 409 -3.33333333333333e-01
531 417 -1.66666666666667e-01
531 422 -3.33333333333333e-01
531 423 -3.33333333333333e-01
531 437 -3.33333333333333e-01
532 532 5.16666666666667e+00
532 512 -1.66666666666667e-01
532 521 -3.33333333333333e-01
532 522 -3.33333333333333e-01
532 527 -3.33333333333333e-01
532 531 -1.66666666666667e-01
532 533 -1.66666666666667e-01
532 536 -3.33333333333333e-01
532 537 -3.33333333333333e-01
532 541 -3.33333333333333e-01
532 542 -3.33333333333333e-01
532 547 -3.33333333333333e-01
532 552 -1.66666666666667e-01
532 411 -1.66666666666667e-01
532 423 -1.66666666666667e-01
532 424 -1.00000000000000e+00
532 425 -1.66666666666667e-01
532 439 -1.66666666666667e-01
533 533 5.00000000000000e+00
533 513 -1.66666666666667e-01
533 522 -3.33333333333333e-01
533 523 -3.33333333333333e-01
533 528 -3.33333333333333e-01
533 532 -1.66666666666667e-01
533 537 -3.33333333333333e-01
533 538 -3.33333333333333e-01
533 542 -3.33333333333333e-01
533 543 -3.33333333333333e-01
533 548 -3.33333333333333e-01
533 553 -1.66666666666667e-01
533 412 -3.33333333333333e-01
533 420 -1.66666666666667e-01
533 425 -3.33333333333333e-01
533 426 -3.33333333333333e-01
533 440 -3.33333333333333e-01
534 534 5.16666666666667e+00
534 514 -1.66666666666667e-01
534 519 -3.33333333333333e-01
534 524 -3.33333333333333e-01
534 525 -3.33333333333333e-01
534 529 -3.33333333333333e-01
534 530 -3.33333333333333e-01
534 535 -1.66666666666667e-01
534 539 -3.33333333333333e-01
534 544 -3.33333333333333e-01
534 545 -3.33333333333333e-01
534 554 -1.66666666666667e-01
534 421 -1.66666666666667e-01
535 535 5.16666666666667e+00
535 515 -1.66666666666667e-01
535 520 -3.33333333333333e-01
535 525 -3.33333333333333e-01
535 526 -3.33333333333333e-01
535 530 -3.33333333333333e-01
535 531 -3.33333333333333e-01
535 534 -1.66666666666667e-01
535 536 -1.66666666666667e-01
535 540 -3.33333333333333e-01
535 545 -3.33333333333333e-01
535 546 -3.33333333333333e-01
535 555 -1.66666666666667e-01
535 422 -1.66666666666667e-01
536 536 5.16666666666667e+00
536 516 -1.66666666666667e-01
536 521 -3.33333333333333e-01
536 526 -3.33333333333333e-01
536 527 -3.33333333333333e-01
536 531 -3.33333333333333e-01
536 532 -3.33333333333333e-01
536 535 -1.66666666666667e-01
536 537 -1.66666666666667e-01
536 541 -3.33333333333333e-01
536 546 -3.33333333333333e-01
536 547 -3.33333333333333e-01
536 556 -1.66666666666667e-01
536 423 -1.66666666666667e-01
537 537 5.16666666666667e+00
537 517 -1.66666666666667e-01
537 522 -3.33333333333333e-01
537 527 -3.33333333333333e-01
537 528 -3.33333333333333e-01
537 532 -3.33333333333333e-01
537 533 -3.33333333333333e-01
537 536 -1.66666666666667e-01
537 538 -1.66666666666667e-01
537 542 -3.33333333333333e-01
537 547 -3.33333333333333e-01
537 548 -3.33333333333333e-01
537 557 -1.66666666666667e-01
537 425 -1.66666666666667e-01
538 538 5.33333333333333e+00
538 518 -1.66666666666667e-01
538 523 -3.33333333333333e-01
538 528 -3.33333333333333e-01
538 533 -3.33333333333333e-01
538 537 -1.66666666666667e-01
538 543 -3.33333333333333e-01
538 548 -3.33333333333333e-01
538 558 -1.66666666666667e-01
538 426 -1.66666666666667e-01
539 539 5.00000000000000e+00
539 519 -1.66666666666667e-01
539 529 -3.33333333333333e-01
539 530 -3.33333333333333e-01
539 534 -3.33333333333333e-01
539 540 -1.66666666666667e-01
539 544 -3.33333333333333e-01
539 545 -3.33333333333333e-01
539 549 -3.33333333333333e-01
539 550 -3.33333333333333e-01
539 554 -3.33333333333333e-01
539 559 -1.66666666666667e-01
539 421 -3.33333333333333e-01
539 428 -1.66666666666667e-01
539 435 -3.33333333333333e-01
539 436 -3.33333333333333e-01
539 450 -3.33333333333333e-01
540 540 5.00000000000000e+00
540 520 -1.66666666666667e-01
540 530 -3.33333333333333e-01
540 531 -3.33333333333333e-01
540 535 -3.33333333333333e-01
540 539 -1.66666666666667e-01
540 541 -1.66666666666667e-01
540 545 -3.33333333333333e-01
540 546 -3.33333333333333e-01
540 550 -3.33333333333333e-01
540 551 -3.33333333333333e-01
540 555 -3.33333333333333e-01
540 560 -1.66666666666667e-01
540 422 -3.33333333333333e-01
540 430 -1.66666666666667e-01
540 436 -3.33333333333333e-01
540 437 -3.33333333333333e-01
540 451 -3.33333333333333e-01
541 541 5.16666666666667e+00
541 521 -1.66666666666667e-01
541 531 -3.33333333333333e-01
541 532 -3.33333333333333e-01
541 536 -3.33333333333333e-01
541 540 -1.66666666666667e-01
541 542 -1.66666666666667e-01
541 546 -3.33333333333333e-01
541 547 -3.33333333333333e-01
541 551 -3.33333333333333e-01
541 552 -3.33333333333333e-01
541 556 -3.33333333333333e-01
541 561 -1.66666666666667e-01
541 423 -1.66666666666667e-01
541 437 -1.66666666666667e-01
541 438 -1.00000000000000e+00
541 439 -1.66666666666667e-01
541 452 -1.66666666666667e-01
542 542 5.00000000000000e+00
542 522 -1.66666666666667e-01
542 532 -3.33333333333333e-01
542 533 -3.33333333333333e-01
542 537 -3.33333333333333e-01
542 541 -1.66666666666667e-01
542 543 -1.66666666666667e-01
542 547 -3.33333333333333e-01
542 548 -3.33333333333333e-01
542 552 -3.33333333333333e-01
542 553 -3.33333333333333e-01
542 557 -3.33333333333333e-01
542 562 -1.66666666666667e-01
542 425 -3.33333333333333e-01
542 433 -1.66666666666667e-01
542 439 -3.33333333333333e-01
542 440 -3.33333333333333e-01
542 454 -3.33333333333333e-01
543 543 5.16666666666667e+00
543 523 -1.66666666666667e-01
543 533 -3.33333333333333e-01
543 538 -3.33333333333333e-01
543 542 -1.66666666666667e-01
543 548 -3.33333333333333e-01
543 553 -3.33333333333333e-01
543 558 -3.33333333333333e-01
543 563 -1.66666666666667e-01
543 426 -3.33333333333333e-01
543 434 -1.66666666666667e-01
543 440 -3.33333333333333e-01
543 456 -3.33333333333333e-01
544 544 5.33333333333333e+00
544 524 -1.66666666666667e-01
544 529 -3.33333333333333e-01
544 534 -3.33333333333333e-01
544 539 -3.33333333333333e-01
544 545 -1.66666666666667e-01
544 549 -3.33333333333333e-01
544 554 -3.33333333333333e-01
544 564 -1.66666666666667e-01
544 435 -1.66666666666667e-01
545 545 5.16666666666667e+00
545 525 -1.66666666666667e-01
545 530 -3.33333333333333e-01
545 534 -3.33333333333333e-01
545 535 -3.33333333333333e-01
545 539 -3.33333333333333e-01
545 540 -3.33333333333333e-01
545 544 -1.66666666666667e-01
545 546 -1.66666666666667e-01
545 550 -3.33333333333333e-01
545 554 -3.33333333333333e-01
545 555 -3.33333333333333e-01
545 565 -1.66666666666667e-01
545 436 -1.66666666666667e-01
546 546 5.16666666666667e+00
546 526 -1.66666666666667e-01
546 531 -3.33333333333333e-01
546 535 -3.33333333333333e-01
546 536 -3.33333333333333e-01
546 540 -3.33333333333333e-01
546 541 -3.33333333333333e-01
546 545 -1.66666666666667e-01
546 547 -1.66666666666667e-01
546 551 -3.33333333333333e-01
546 555 -3.33333333333333e-01
546 556 -3.33333333333333e-01
546 566 -1.66666666666667e-01
546 437 -1.66666666666667e-01
547 547 5.16666666666667e+00
547 527 -1.66666666666667e-01
547 532 -3.33333333333333e-01
547 536 -3.33333333333333e-01
547 537 -3.33333333333333e-01
547 541 -3.33333333333333e-01
547 542 -3.33333333333333e-01
547 546 -1.66666666666667e-01
547 548 -1.66666666666667e-01
547 552 -3.33333333333333e-01
547 556 -3.33333333333333e-01
547 557 -3.33333333333333e-01
547 567 -1.66666666666667e-01
547 439 -1.66666666666667e-01
548 548 5.16666666666667e+00
548 528 -1.66666666666667e-01
548 533 -3.33333333333333e-01
548 537 -3.33333333333333e-01
548 538 -3.33333333333333e-01
548 542 -3.33333333333333e-01
548 543 -3.33333333333333e-01
548 547 -1.66666666666667e-01
548 553 -3.33333333333333e-01
548 557 -3.33333333333333e-01
548 558 -3.33333333333333e-01
548 568 -1.66666666666667e-01
548 440 -1.66666666666667e-01
549 549 5.33333333333333e+00
549 529 -1.66666666666667e-01
549 539 -3.33333333333333e-01
549 544 -3.33333333333333e-01
549 550 -1.66666666666667e-01
549 554 -3.33333333333333e-01
549 559 -3.33333333333333e-01
549 564 -3.33333333333333e-01
549 435 -1.66666666666667e-01
549 449 -1.00000000000000e+00
549 450 -1.66666666666667e-01
549 463 -1.66666666666667e-01
550 550 5.00000000000000e+00
550 530 -1.66666666666667e-01
550 539 -3.33333333333333e-01
550 540 -3.33333333333333e-01
550 545 -3.33333333333333e-01
550 549 -1.66666666666667e-01
550 551 -1.66666666666667e-01
550 554 -3.33333333333333e-01
550 555 -3.33333333333333e-01
550 559 -3.33333333333333e-01
550 560 -3.33333333333333e-01
550 565 -3.33333333333333e-01
550 436 -3.33333333333333e-01
550 443 -1.66666666666667e-01
550 450 -3.33333333333333e-01
550 451 -3.33333333333333e-01
550 465 -3.33333333333333e-01
551 551 5.00000000000000e+00
551 531 -1.66666666666667e-01
551 540 -3.33333333333333e-01
551 541 -3.33333333333333e-01
551 546 -3.33333333333333e-01
551 550 -1.66666666666667e-01
551 552 -1.66666666666667e-01
551 555 -3.33333333333333e-01
551 556 -3.33333333333333e-01
551 560 -3.33333333333333e-01
551 561 -3.33333333333333e-01
551 566 -3.33333333333333e-01
551 437 -3.33333333333333e-01
551 444 -1.66666666666667e-01
551 451 -3.33333333333333e-01
551 452 -3.33333333333333e-01
551 466 -3.33333333333333e-01
552 552 5.16666666666667e+00
552 532 -1.66666666666667e-01
552 541 -3.33333333333333e-01
552 542 -3.33333333333333e-01
552 547 -3.33333333333333e-01
552 551 -1.66666666666667e-01
552 553 -1.66666666666667e-01
552 556 -3.33333333333333e-01
552 557 -3.33333333333333e-01
552 561 -3.33333333333333e-01
552 562 -3.33333333333333e-01
552 567 -3.33333333333333e-01
552 439 -1.66666666666667e-01
552 452 -1.66666666666667e-01
552 453 -1.00000000000000e+00
552 454 -1.66666666666667e-01
552 467 -1.66666666666667e-01
553 553 5.16666666666667e+00
553 533 -1.66666666666667e-01
553 542 -3.33333333333333e-01
553 543 -3.33333333333333e-01
553 548 -3.33333333333333e-01
553 552 -1.66666666666667e-01
553 557 -3.33333333333333e-01
553 558 -3.33333333333333e-01
553 562 -3.33333333333333e-01
553 563 -3.33333333333333e-01
553 568 -3.33333333333333e-01
553 440 -1.66666666666667e-01
553 454 -1.66666666666667e-01
553 455 -1.00000000000000e+00
553 456 -1.66666666666667e-01
553 468 -1.66666666666667e-01
554 554 5.16666666666667e+00
554 534 -1.66666666666667e-01
554 539 -3.33333333333333e-01
554 544 -3.33333333333333e-01
554 545 -3.33333333333333e-01
554 549 -3.33333333333333e-01
554 550 -3.33333333333333e-01
554 555 -1.66666666666667e-01
554 559 -3.33333333333333e-01
554 564 -3.33333333333333e-01
554 565 -3.33333333333333e-01
554 450 -1.66666666666667e-01
555 555 5.16666666666667e+00
555 535 -1.66666666666667e-01
555 540 -3.33333333333333e-01
555 545 -3.33333333333333e-01
555 546 -3.33333333333333e-01
555 550 -3.33333333333333e-01
555 551 -3.33333333333333e-01
555 554 -1.66666666666667e-01
555 556 -1.66666666666667e-01
555 560 -3.33333333333333e-01
555 565 -3.33333333333333e-01
555 566 -3.33333333333333e-01
555 451 -1.66666666666667e-01
556 556 5.16666666666667e+00
556 536 -1.66666666666667e-01
556 541 -3.33333333333333e-01
556 546 -3.33333333333333e-01
556 547 -3.33333333333333e-01
556 551 -3.33333333333333e-01
556 552 -3.33333333333333e-01
556 555 -1.66666666666667e-01
556 557 -1.66666666666667e-01
556 561 -3.33333333333333e-01
556 566 -3.33333333333333e-01
556 567 -3.33333333333333e-01
556 452 -1.66666666666667e-01
557 557 5.16666666666667e+00
557 537 -1.66666666666667e-01
557 542 -3.33333333333333e-01
557 547 -3.33333333333333e-01
557 548 -3.33333333333333e-01
557 552 -3.33333333333333e-01
557 553 -3.33333333333333e-01
557 556 -1.66666666666667e-01
557 558 -1.66666666666667e-01
557 562 -3.33333333333333e-01
557 567 -3.33333333333333e-01
557 568 -3.33333333333333e-01
557 454 -1.66666666666667e-01
558 558 5.33333333333333e+00
558 538 -1.66666666666667e-01
558 543 -3.33333333333333e-01
558 548 -3.33333333333333e-01
558 553 -3.33333333333333e-01
558 557 -1.66666666666667e-01
558 563 -3.33333333333333e-01
558 568 -3.33333333333333e-01
558 456 -1.66666666666667e-01
559 559 5.33333333333333e+00
559 539 -1.66666666666667e-01
559 549 -3.33333333333333e-01
559 550 -3.33333333333333e-01
559 554 -3.33333333333333e-01
559 560 -1.66666666666667e-01
559 564 -3.33333333333333e-01
559 565 -3.33333333333333e-01
559 450 -1.66666666666667e-01
559 463 -1.66666666666667e-01
559 464 -1.00000000000000e+00
559 465 -1.66666666666667e-01
560 560 5.16666666666667e+00
560 540 -1.66666666666667e-01
560 550 -3.33333333333333e-01
560 551 -3.33333333333333e-01
560 555 -3.33333333333333e-01
560 559 -1.66666666666667e-01
560 561 -1.66666666666667e-01
560 565 -3.33333333333333e-01
560 566 -3.33333333333333e-01
560 451 -3.33333333333333e-01
560 459 -1.66666666666667e-01
560 465 -3.33333333333333e-01
560 466 -3.33333333333333e-01
561 561 5.16666666666667e+00
561 541 -1.66666666666667e-01
561 551 -3.33333333333333e-01
561 552 -3.33333333333333e-01
561 556 -3.33333333333333e-01
561 560 -1.66666666666667e-01
561 562 -1.66666666666667e-01
561 566 -3.33333333333333e-01
561 567 -3.33333333333333e-01
561 452 -3.33333333333333e-01
561 460 -1.66666666666667e-01
561 466 -3.33333333333333e-01
561 467 -3.33333333333333e-01
562 562 5.16666666666667e+00
562 542 -1.66666666666667e-01
562 552 -3.33333333333333e-01
562 553 -3.33333333333333e-01
562 557 -3.33333333333333e-01
562 561 -1.66666666666667e-01
562 563 -1.66666666666667e-01
562 567 -3.33333333333333e-01
562 568 -3.33333333333333e-01
562 454 -3.33333333333333e-01
562 461 -1.66666666666667e-01
562 467 -3.33333333333333e-01
562 468 -3.33333333333333e-01
563 563 5.33333333333333e+00
563 543 -1.66666666666667e-01
563 553 -3.33333333333333e-01
563 558 -3.33333333333333e-01
563 562 -1.66666666666667e-01
563 568 -3.33333333333333e-01
563 456 -3.33333333333333e-01
563 462 -1.66666666666667e-01
563 468 -3.33333333333333e-01
564 564 5.50000000000000e+00
564 544 -1.66666666666667e-01
564 549 -3.33333333333333e-01
564 554 -3.33333333333333e-01
564 559 -3.33333333333333e-01
564 565 -1.66666666666667e-01
564 463 -1.66666666666667e-01
565 565 5.33333333333333e+00
565 545 -1.66666666666667e-01
565 550 -3.33333333333333e-01
565 554 -3.33333333333333e-01
565 555 -3.33333333333333e-01
565 559 -3.33333333333333e-01
565 560 -3.33333333333333e-01
565 564 -1.66666666666667e-01
565 566 -1.66666666666667e-01
565 465 -1.66666666666667e-01
566 566 5.33333333333333e+00
566 546 -1.66666666666667e-01
566 551 -3.33333333333333e-01
566 555 -3.33333333333333e-01
566 556 -3.33333333333333e-01
566 560 -3.33333333333333e-01
566 561 -3.33333333333333e-01
566 565 -1.66666666666667e-01
566 567 -1.66666666666667e-01
566 466 -1.66666666666667e-01
567 567 5.33333333333333e+00
567 547 -1.66666666666667e-01
567 552 -3.33333333333333e-01
567 556 -3.33333333333333e-01
567 557 -3.33333333333333e-01
567 561 -3.33333333333333e-01
567 562 -3.33333333333333e-01
567 566 -1.66666666666667e-01
567 568 -1.66666666666667e-01
567 467 -1.66666666666667e-01
568 568 5.33333333333333e+00
568 548 -1.66666666666667e-01
568 553 -3.33333333333333e-01
568 557 -3.33333333333333e-01
568 558 -3.33333333333333e-01
568 562 -3.33333333333333e-01
568 563 -3.33333333333333e-01
568 567 -1.66666666666667e-01
568 468 -1.66666666666667e-01
