68 68 68 68
68 68 5.09897676575159e+00
68 4 -1.72752580106811e-06
68 5 -3.55085113402266e-06
68 11 -3.12469245770315e-04
68 15 -3.43010577693702e-05
68 16 -4.08579690498675e-03
68 17 -6.72607778887843e-06
68 18 -9.77899593199286e-06
68 19 -2.36847775831411e-04
68 21 -2.97615223157115e-03
68 24 -3.82418681377838e-04
68 25 -3.65998090597872e-06
68 28 -6.95628703160589e-04
68 29 -6.56196808520535e-04
68 30 -2.65750305367303e-04
68 31 -7.77019704250957e-06
68 32 -1.09518997220591e-03
68 33 -5.54600349623154e-03
68 34 -5.98614951075800e-06
68 35 -2.11436002523784e-06
68 36 -3.14318434626324e-04
68 37 -3.11264626394830e-04
68 38 -3.80904975721426e-06
68 39 -3.00708526766507e-04
68 40 -4.90946655890128e-05
68 41 -2.24320446604494e-02
68 42 -7.09651567938034e-06
68 43 -5.15192799715327e-06
68 44 -2.49825766646480e-04
68 45 -6.19656283019763e-03
68 46 -7.60577780190208e-03
68 47 -1.12179535584086e-03
68 48 -1.76871525182605e-02
68 49 -2.77534823345106e-02
68 51 -1.25610141391336e-04
68 52 -4.82538990278934e-03
68 53 -3.21328547506674e-04
68 54 -1.46196435113178e-03
68 55 -2.71147027423219e-03
68 56 -3.76549634318375e-04
68 57 -1.37429571338869e-03
68 58 -7.96286815829633e-03
68 59 -1.35793121160502e-02
68 60 -1.40720052467765e-02
68 61 -1.32580545209806e-02
68 62 -1.10997704586079e-01
68 63 -7.80660752027830e-02
68 64 -5.37962471723222e-01
68 65 -6.68708397675860e-02
68 66 -1.83811458685114e-01
68 67 -3.63275927128994e-03
