4 8 4 8
4 4 6.75325636956734e+00
4 5 -3.62891716228234e-01
4 6 -2.20663090157126e-01
4 7 -1.94082683337574e-01
4 8 -2.53537520256857e-01
4 0 -8.13454688245557e-01
4 1 -1.91199666320565e-02
4 2 -3.60146194305680e-02
4 3 -1.08329566300912e-01
4 9 -2.31653868874332e-01
4 10 -1.74044700070359e-01
4 11 -5.50328657337494e-02
4 12 -1.74000416590106e-02
5 5 4.74261137210213e+00
5 4 -3.62891716228234e-01
5 6 -2.35291334011108e-02
5 7 -3.72534977465866e-02
5 8 -7.67113161617718e-02
5 0 -1.03737862126352e-01
5 1 -5.43100583277868e-04
5 2 -1.21808453000145e-02
5 3 -6.55689074862547e-02
5 9 -5.03738097446224e-02
5 10 -4.75895879675719e-02
5 11 -7.28436289296317e-02
5 12 -5.06430384078015e-03
6 6 4.87969655670910e+00
6 4 -2.20663090157126e-01
6 5 -2.35291334011108e-02
6 7 -3.18263621734192e-01
6 8 -1.57476402673688e-01
6 0 -8.72610124515346e-02
6 1 -2.49375598057380e-01
6 2 -3.35522701480093e-03
6 3 -1.86354136665324e-02
6 9 -1.09185414525461e-01
6 10 -1.28284080241710e-01
6 11 -2.57157713000340e-02
6 12 -8.23144662494418e-02
7 7 5.33546500011481e+00
7 4 -1.94082683337574e-01
7 5 -3.72534977465866e-02
7 6 -3.18263621734192e-01
7 8 -1.49830087861122e+00
7 0 -8.23509017448473e-02
7 1 -9.93691447684925e-02
7 2 -1.45121797795335e-02
7 3 -5.98484998838988e-02
7 9 -7.27864871274523e-02
7 10 -7.04001894802089e-02
7 11 -2.75847556412018e-02
7 12 -4.47679710457540e-02
8 8 5.09983922101094e+00
8 4 -2.53537520256856e-01
8 5 -7.67113161617718e-02
8 6 -1.57476402673687e-01
8 7 -1.49830087861122e+00
8 0 -8.96225699314182e-02
8 1 -2.41835102676096e-02
8 2 -2.89490440831221e-02
8 3 -1.60990944797321e-01
8 9 -3.89407717365075e-02
8 10 -3.48160949797746e-02
8 11 -4.52304399357562e-02
8 12 -2.11836027931743e-02
