2 5 2 5
2 2 4.72227322111354e+00
2 3 -3.58080450906513e-02
2 4 -4.91057113077358e-02
2 5 -9.33854056944436e-02
2 0 -1.47457535256559e-01
2 1 -2.39648570095077e-02
2 6 -6.31050079295597e-02
2 7 -5.81603314929044e-02
3 3 4.85858562613871e+00
3 2 -3.58080450906513e-02
3 4 -3.30995733892583e-01
3 5 -1.68284329154415e-01
3 0 -1.14600667272043e-01
3 1 -7.75081522146766e-03
3 6 -1.17872343185406e-01
3 7 -1.36089869170424e-01
4 4 5.33305661037327e+00
4 2 -4.91057113077358e-02
4 3 -3.30995733892583e-01
4 5 -1.50926906535860e+00
4 0 -1.08576717825119e-01
4 1 -2.24908815291471e-02
4 6 -8.07375691094481e-02
4 7 -7.11242696099362e-02
5 5 5.08445981542030e+00
5 2 -9.33854056944435e-02
5 3 -1.68284329154415e-01
5 4 -1.50926906535860e+00
5 0 -1.21633500001760e-01
5 1 -5.05853716333124e-02
5 6 -4.83930526532987e-02
5 7 -4.27966751673549e-02
