138 144 138 144
138 138 5.48885738796948e+00
138 139 -1.01157707336265e-01
138 140 -1.97209233966307e-03
138 141 -3.76014670951644e-03
138 142 -1.54948165511850e-04
138 3 -1.70580173147403e-03
138 4 -8.74846034307375e-05
138 50 -1.36488580652729e-03
138 51 -6.55552279706409e-03
138 54 -1.49773434341642e-04
138 59 -8.02502084448882e-03
138 60 -8.68831190700061e-05
138 61 -1.02426435533761e-02
138 69 -5.08679013135721e-04
138 76 -1.87215239593761e-03
138 109 -1.03273491133772e-01
138 110 -6.19938335243189e-03
138 111 -5.65040406348786e-02
138 112 -1.04256863959291e-02
138 113 -8.42464438934255e-02
138 114 -1.60104848910117e-03
138 115 -2.76680181218049e-03
138 116 -1.18406720421613e-02
138 117 -1.34780730295316e-02
138 118 -2.22943408665345e-03
138 119 -8.71521659307940e-04
138 120 -6.16360646828950e-03
138 123 -2.54586886718071e-03
138 124 -3.37125616989918e-04
138 125 -5.16506637746601e-04
138 129 -2.40436970076301e-04
139 139 5.15290207243992e+00
139 138 -1.01157707336265e-01
139 140 -6.72542305263671e-02
139 141 -5.36435210233513e-02
139 142 -1.38499013759087e-02
139 143 -5.03221959944783e-03
139 144 -4.91856284211333e-03
139 4 -1.05653614016694e-03
139 17 -1.14596425007708e-03
139 20 -1.01563447794841e-03
139 24 -9.17979085198903e-04
139 51 -2.03446369271188e-02
139 52 -2.02587636464150e-02
139 54 -1.20514950735430e-02
139 56 -1.20156749381279e-03
139 57 -1.32229137870627e-02
139 59 -9.11006108628349e-02
139 60 -1.06372758077091e-02
139 61 -1.44401755588241e-01
139 64 -4.22989824578912e-02
139 65 -2.92410576204809e-02
139 67 -1.66375813066178e-02
139 68 -3.57379471683115e-03
139 69 -5.29363919165503e-02
139 71 -9.74568440467707e-04
139 72 -3.82673698646402e-03
139 73 -3.72827193264737e-03
139 74 -8.02043383294761e-04
139 75 -8.90060070853260e-02
139 76 -1.47079368121118e-02
139 80 -1.67361316987227e-03
139 82 -1.03401453045228e-03
139 83 -1.96943298015323e-02
139 84 -1.63839897761520e-02
139 87 -1.59540177984120e-03
139 88 -3.54680965097542e-04
139 89 -3.23995477386185e-03
139 92 -6.19998384564579e-04
139 93 -4.57628998254583e-03
139 96 -1.53092823385916e-02
139 109 -1.05606358301435e-01
139 110 -9.63791828377663e-03
139 111 -2.24368909628705e-01
139 112 -9.99549712139043e-02
139 113 -1.03853160457720e-01
139 114 -7.16615671107921e-02
139 115 -1.32518571128845e-01
139 116 -1.94776713040343e-01
139 117 -2.73064697958895e-02
139 118 -1.38679979236489e-01
139 119 -1.91166688932642e-02
139 120 -2.62488241882529e-01
139 121 -5.72256442680782e-03
139 122 -7.01594264741024e-02
139 123 -7.19020768261344e-02
139 124 -4.34268274350492e-02
139 125 -7.88265467423237e-02
139 126 -1.50265857409951e-02
139 127 -1.33892829323104e-02
139 128 -1.28439418768310e-02
139 129 -1.93851039985913e-02
139 130 -1.27428666081234e-02
139 131 -4.21655365127682e-03
139 132 -6.35953663929692e-04
139 135 -1.68321537425435e-02
139 136 -3.50368288290968e-03
140 140 5.36483729896786e+00
140 138 -1.97209233966307e-03
140 139 -6.72542305263671e-02
140 8 -5.78199481733168e-04
140 9 -9.22793431399414e-05
140 15 -2.25129408449064e-04
140 49 -2.58468731110249e-03
140 55 -1.62697370532968e-03
140 58 -9.28806646708717e-03
140 59 -5.13077505979403e-04
140 62 -9.95140555429920e-04
140 63 -1.99963290313741e-03
140 70 -2.63334585230836e-03
140 76 -9.91723707035440e-02
140 77 -1.33147556831027e-04
140 83 -1.94278086214127e-02
140 94 -8.71308090874836e-03
140 95 -6.28980109293243e-03
140 111 -1.79691688860566e-02
140 112 -1.59204191565456e-02
140 113 -2.55857243277191e-03
140 115 -1.01452545752341e-01
140 116 -8.05535087228568e-02
140 117 -7.47250073915298e-03
140 118 -2.19329003152467e-02
140 119 -8.49786030881073e-02
140 120 -1.62706190441886e-02
140 121 -8.38354730632625e-02
140 122 -8.04271599789121e-02
140 123 -1.13452782489728e-01
140 124 -1.73361865616128e-03
140 125 -1.43532949331309e-03
140 128 -6.34881662105246e-02
140 129 -1.23641158057601e-03
140 134 -4.01451563696485e-02
141 141 5.52934011410316e+00
141 138 -3.76014670951644e-03
141 139 -5.36435210233513e-02
141 142 -2.35995938018291e-01
141 143 -3.19418608792321e-02
141 36 -3.69114733736433e-05
141 52 -9.52015636933854e-04
141 54 -7.65541020552283e-04
141 57 -3.19256045136320e-04
141 59 -2.73275523063735e-03
141 60 -7.43856494027189e-04
141 61 -4.12239419603462e-03
141 65 -1.09113335042998e-03
141 67 -4.71332910392665e-03
141 68 -9.01902176226606e-03
141 69 -3.95459095731430e-02
141 73 -4.05305990394891e-03
141 74 -1.65785446479036e-03
141 80 -1.55005845403495e-04
141 82 -1.16154017621816e-03
141 84 -4.93252747664966e-03
141 88 -1.67635308750102e-04
141 90 -1.01140641346573e-03
141 93 -1.53891054041607e-03
141 108 -4.71969947044825e-04
141 109 -3.53897023130107e-03
141 110 -1.43804352678159e-02
141 111 -5.78808034071223e-03
141 112 -1.25844719726185e-03
141 113 -6.65607000193552e-06
141 114 -3.36399720638051e-02
141 115 -2.01863232423835e-03
141 116 -3.96134355695473e-03
141 117 -8.08388530275863e-02
141 118 -2.42095291313687e-03
141 120 -1.06349638409096e-02
141 123 -2.00289974718205e-03
141 124 -3.73164462742034e-03
141 125 -1.15496867722618e-02
141 127 -1.33124605753369e-02
141 129 -3.46850521327571e-03
141 130 -1.02346240312213e-01
141 133 -2.03803331288189e-03
141 135 -1.85818236163923e-03
141 136 -1.92986364587436e-03
142 142 5.43062394066508e+00
142 138 -1.54948165511850e-04
142 139 -1.38499013759087e-02
142 141 -2.35995938018291e-01
142 143 -4.05736303294087e-02
142 36 -4.31929119048822e-05
142 54 -1.04629097656911e-03
142 60 -1.16381507126955e-03
142 61 -2.62544924965625e-03
142 65 -1.37378256064056e-03
142 68 -2.80861142232768e-03
142 69 -6.04262831886862e-03
142 74 -1.39868266926439e-03
142 80 -1.81384085037246e-04
142 82 -1.57981955887300e-03
142 84 -6.65995296456959e-03
142 88 -1.96162777077360e-04
142 89 -5.66491099153165e-03
142 90 -2.28548696412816e-03
142 93 -1.13511350499592e-02
142 108 -9.88808360795477e-04
142 109 -1.89182589951413e-03
142 110 -1.95878969210478e-03
142 111 -1.77397243789428e-03
142 113 -3.39054507060437e-03
142 114 -2.05192449124435e-02
142 115 -4.69992736658525e-04
142 116 -2.08620795848090e-04
142 117 -1.30185937832513e-02
142 118 -3.98188168839631e-03
142 120 -8.98634340614350e-03
142 123 -2.41532457936379e-03
142 124 -5.63129767682184e-03
142 125 -8.16239217555359e-02
142 126 -3.36687535619033e-02
142 127 -4.46065851392423e-02
142 129 -1.21602036489371e-02
142 130 -6.04657006371864e-02
142 133 -9.70846672574041e-03
142 135 -1.50118681094831e-02
142 136 -1.05959689202158e-02
143 143 5.36426104966477e+00
143 139 -5.03221959944783e-03
143 141 -3.19418608792321e-02
143 142 -4.05736303294087e-02
143 144 -2.52236204740285e-02
143 61 -4.72842369696679e-03
143 69 -3.85985646298974e-03
143 80 -2.80853111615457e-04
143 82 -1.65510087926184e-04
143 84 -8.50101622283252e-03
143 88 -1.31438971501267e-04
143 89 -1.66264221138138e-03
143 93 -1.28593556793654e-02
143 98 -6.67224790008482e-04
143 99 -2.90985822133321e-03
143 105 -4.88405305389612e-04
143 108 -1.13858187836443e-02
143 109 -1.66249740156454e-03
143 110 -1.06772625444980e-03
143 114 -1.61774088747289e-03
143 117 -4.79692380850166e-03
143 118 -4.56386793298474e-03
143 120 -8.24120391066629e-03
143 123 -7.42648017602771e-03
143 124 -6.74824370480250e-03
143 125 -6.74956113117046e-02
143 126 -4.87401991044091e-02
143 127 -4.13770723412887e-02
143 128 -1.64528781513175e-03
143 129 -3.19532199973159e-02
143 130 -2.42439710361631e-01
143 131 -4.18168406215203e-03
143 132 -6.51951576162793e-03
143 133 -5.99999081733079e-02
143 135 -1.84585624220497e-01
143 136 -1.20005272749485e+00
144 144 5.30888273930276e+00
144 139 -4.91856284211332e-03
144 143 -2.52236204740285e-02
144 76 -2.18334425580150e-03
144 95 -1.31569589042990e-02
144 96 -1.28507763849170e-02
144 99 -1.88700606513227e-04
144 103 -7.68104839250629e-04
144 104 -6.12004061062118e-04
144 107 -9.19328723540448e-03
144 111 -7.84058676804665e-04
144 116 -6.56790927286365e-03
144 117 -2.14179369177909e-03
144 118 -3.14237336458654e-03
144 120 -9.15955167350991e-03
144 121 -4.09640470054653e-03
144 122 -1.53969123525407e-02
144 123 -6.00668073119778e-02
144 124 -2.24351404471559e-02
144 125 -1.27534914552971e-02
144 126 -1.80697445756463e-03
144 128 -8.04107922629381e-02
144 129 -8.10768815026542e-02
144 130 -3.13965823365830e-03
144 131 -5.66626768924956e-02
144 132 -3.94368406208398e-02
144 134 -6.29318261923172e-02
144 135 -9.24246086343988e-02
144 136 -1.22475635409192e-03
144 137 -1.04163751761373e-03
