351 468 351 468
351 351 5.33333333333333e+00
351 352 -1.66666666666667e-01
351 356 -3.33333333333333e-01
351 361 -3.33333333333333e-01
351 366 -3.33333333333333e-01
351 371 -1.66666666666667e-01
351 175 -1.66666666666667e-01
351 181 -3.33333333333333e-01
351 201 -3.33333333333333e-01
351 469 -1.66666666666667e-01
352 352 5.16666666666667e+00
352 351 -1.66666666666667e-01
352 353 -1.66666666666667e-01
352 356 -3.33333333333333e-01
352 357 -3.33333333333333e-01
352 361 -3.33333333333333e-01
352 362 -3.33333333333333e-01
352 367 -3.33333333333333e-01
352 372 -1.66666666666667e-01
352 176 -1.66666666666667e-01
352 181 -3.33333333333333e-01
352 182 -3.33333333333333e-01
352 202 -3.33333333333333e-01
352 470 -1.66666666666667e-01
353 353 5.16666666666667e+00
353 352 -1.66666666666667e-01
353 354 -1.66666666666667e-01
353 357 -3.33333333333333e-01
353 358 -3.33333333333333e-01
353 362 -3.33333333333333e-01
353 363 -3.33333333333333e-01
353 368 -3.33333333333333e-01
353 374 -1.66666666666667e-01
353 177 -1.66666666666667e-01
353 182 -3.33333333333333e-01
353 183 -3.33333333333333e-01
353 203 -3.33333333333333e-01
353 471 -1.66666666666667e-01
354 354 5.16666666666667e+00
354 353 -1.66666666666667e-01
354 355 -1.66666666666667e-01
354 358 -3.33333333333333e-01
354 359 -3.33333333333333e-01
354 363 -3.33333333333333e-01
354 364 -3.33333333333333e-01
354 369 -3.33333333333333e-01
354 375 -1.66666666666667e-01
354 178 -1.66666666666667e-01
354 183 -3.33333333333333e-01
354 184 -3.33333333333333e-01
354 204 -3.33333333333333e-01
354 472 -1.66666666666667e-01
355 355 5.16666666666667e+00
355 354 -1.66666666666667e-01
355 359 -3.33333333333333e-01
355 360 -3.33333333333333e-01
355 364 -3.33333333333333e-01
355 365 -3.33333333333333e-01
355 370 -3.33333333333333e-01
355 376 -1.66666666666667e-01
355 179 -1.66666666666667e-01
355 184 -3.33333333333333e-01
355 185 -3.33333333333333e-01
355 205 -3.33333333333333e-01
355 473 -1.66666666666667e-01
356 356 5.16666666666667e+00
356 351 -3.33333333333333e-01
356 352 -3.33333333333333e-01
356 357 -1.66666666666667e-01
356 361 -3.33333333333333e-01
356 366 -3.33333333333333e-01
356 367 -3.33333333333333e-01
356 377 -1.66666666666667e-01
356 181 -1.66666666666667e-01
356 469 -3.33333333333333e-01
356 470 -3.33333333333333e-01
356 474 -1.66666666666667e-01
356 479 -3.33333333333333e-01
357 357 5.16666666666667e+00
357 352 -3.33333333333333e-01
357 353 -3.33333333333333e-01
357 356 -1.66666666666667e-01
357 358 -1.66666666666667e-01
357 362 -3.33333333333333e-01
357 367 -3.33333333333333e-01
357 368 -3.33333333333333e-01
357 378 -1.66666666666667e-01
357 182 -1.66666666666667e-01
357 470 -3.33333333333333e-01
357 471 -3.33333333333333e-01
357 475 -1.66666666666667e-01
357 480 -3.33333333333333e-01
358 358 5.16666666666667e+00
358 353 -3.33333333333333e-01
358 354 -3.33333333333333e-01
358 357 -1.66666666666667e-01
358 359 -1.66666666666667e-01
358 363 -3.33333333333333e-01
358 368 -3.33333333333333e-01
358 369 -3.33333333333333e-01
358 379 -1.66666666666667e-01
358 183 -1.66666666666667e-01
358 471 -3.33333333333333e-01
358 472 -3.33333333333333e-01
358 476 -1.66666666666667e-01
358 481 -3.33333333333333e-01
359 359 5.16666666666667e+00
359 354 -3.33333333333333e-01
359 355 -3.33333333333333e-01
359 358 -1.66666666666667e-01
359 360 -1.66666666666667e-01
359 364 -3.33333333333333e-01
359 369 -3.33333333333333e-01
359 370 -3.33333333333333e-01
359 380 -1.66666666666667e-01
359 184 -1.66666666666667e-01
359 472 -3.33333333333333e-01
359 473 -3.33333333333333e-01
359 477 -1.66666666666667e-01
359 482 -3.33333333333333e-01
360 360 5.33333333333333e+00
360 355 -3.33333333333333e-01
360 359 -1.66666666666667e-01
360 365 -3.33333333333333e-01
360 370 -3.33333333333333e-01
360 381 -1.66666666666667e-01
360 185 -1.66666666666667e-01
360 473 -3.33333333333333e-01
360 478 -1.66666666666667e-01
360 483 -3.33333333333333e-01
361 361 5.00000000000000e+00
361 351 -3.33333333333333e-01
361 352 -3.33333333333333e-01
361 356 -3.33333333333333e-01
361 362 -1.66666666666667e-01
361 366 -3.33333333333333e-01
361 367 -3.33333333333333e-01
361 371 -3.33333333333333e-01
361 372 -3.33333333333333e-01
361 377 -3.33333333333333e-01
361 382 -1.66666666666667e-01
361 181 -3.33333333333333e-01
361 195 -1.66666666666667e-01
361 201 -3.33333333333333e-01
361 202 -3.33333333333333e-01
361 220 -3.33333333333333e-01
361 479 -1.66666666666667e-01
362 362 5.16666666666667e+00
362 352 -3.33333333333333e-01
362 353 -3.33333333333333e-01
362 357 -3.33333333333333e-01
362 361 -1.66666666666667e-01
362 363 -1.66666666666667e-01
362 367 -3.33333333333333e-01
362 368 -3.33333333333333e-01
362 372 -1.66666666666667e-01
362 373 -1.00000000000000e+00
362 374 -1.66666666666667e-01
362 378 -1.66666666666667e-01
362 182 -3.33333333333333e-01
362 196 -1.66666666666667e-01
362 202 -3.33333333333333e-01
362 203 -3.33333333333333e-01
362 221 -1.66666666666667e-01
362 480 -1.66666666666667e-01
363 363 5.00000000000000e+00
363 353 -3.33333333333333e-01
363 354 -3.33333333333333e-01
363 358 -3.33333333333333e-01
363 362 -1.66666666666667e-01
363 364 -1.66666666666667e-01
363 368 -3.33333333333333e-01
363 369 -3.33333333333333e-01
363 374 -3.33333333333333e-01
363 375 -3.33333333333333e-01
363 379 -3.33333333333333e-01
363 384 -1.66666666666667e-01
363 183 -3.33333333333333e-01
363 197 -1.66666666666667e-01
363 203 -3.33333333333333e-01
363 204 -3.33333333333333e-01
363 222 -3.33333333333333e-01
363 481 -1.66666666666667e-01
364 364 5.00000000000000e+00
364 354 -3.33333333333333e-01
364 355 -3.33333333333333e-01
364 359 -3.33333333333333e-01
364 363 -1.66666666666667e-01
364 365 -1.66666666666667e-01
364 369 -3.33333333333333e-01
364 370 -3.33333333333333e-01
364 375 -3.33333333333333e-01
364 376 -3.33333333333333e-01
364 380 -3.33333333333333e-01
364 385 -1.66666666666667e-01
364 184 -3.33333333333333e-01
364 198 -1.66666666666667e-01
364 204 -3.33333333333333e-01
364 205 -3.33333333333333e-01
364 223 -3.33333333333333e-01
364 482 -1.66666666666667e-01
365 365 5.16666666666667e+00
365 355 -3.33333333333333e-01
365 360 -3.33333333333333e-01
365 364 -1.66666666666667e-01
365 370 -3.33333333333333e-01
365 376 -3.33333333333333e-01
365 381 -3.33333333333333e-01
365 386 -1.66666666666667e-01
365 185 -3.33333333333333e-01
365 200 -1.66666666666667e-01
365 205 -3.33333333333333e-01
365 224 -3.33333333333333e-01
365 483 -1.66666666666667e-01
366 366 5.16666666666667e+00
366 351 -3.33333333333333e-01
366 356 -3.33333333333333e-01
366 361 -3.33333333333333e-01
366 367 -1.66666666666667e-01
366 371 -3.33333333333333e-01
366 377 -3.33333333333333e-01
366 387 -1.66666666666667e-01
366 201 -1.66666666666667e-01
366 469 -3.33333333333333e-01
366 479 -3.33333333333333e-01
366 484 -1.66666666666667e-01
366 489 -3.33333333333333e-01
367 367 5.00000000000000e+00
367 352 -3.33333333333333e-01
367 356 -3.33333333333333e-01
367 357 -3.33333333333333e-01
367 361 -3.33333333333333e-01
367 362 -3.33333333333333e-01
367 366 -1.66666666666667e-01
367 368 -1.66666666666667e-01
367 372 -3.33333333333333e-01
367 377 -3.33333333333333e-01
367 378 -3.33333333333333e-01
367 388 -1.66666666666667e-01
367 202 -1.66666666666667e-01
367 470 -3.33333333333333e-01
367 479 -3.33333333333333e-01
367 480 -3.33333333333333e-01
367 485 -1.66666666666667e-01
367 490 -3.33333333333333e-01
368 368 5.00000000000000e+00
368 353 -3.33333333333333e-01
368 357 -3.33333333333333e-01
368 358 -3.33333333333333e-01
368 362 -3.33333333333333e-01
368 363 -3.33333333333333e-01
368 367 -1.66666666666667e-01
368 369 -1.66666666666667e-01
368 374 -3.33333333333333e-01
368 378 -3.33333333333333e-01
368 379 -3.33333333333333e-01
368 389 -1.66666666666667e-01
368 203 -1.66666666666667e-01
368 471 -3.33333333333333e-01
368 480 -3.33333333333333e-01
368 481 -3.33333333333333e-01
368 486 -1.66666666666667e-01
368 491 -3.33333333333333e-01
369 369 5.00000000000000e+00
369 354 -3.33333333333333e-01
369 358 -3.33333333333333e-01
369 359 -3.33333333333333e-01
369 363 -3.33333333333333e-01
369 364 -3.33333333333333e-01
369 368 -1.66666666666667e-01
369 370 -1.66666666666667e-01
369 375 -3.33333333333333e-01
369 379 -3.33333333333333e-01
369 380 -3.33333333333333e-01
369 390 -1.66666666666667e-01
369 204 -1.66666666666667e-01
369 472 -3.33333333333333e-01
369 481 -3.33333333333333e-01
369 482 -3.33333333333333e-01
369 487 -1.66666666666667e-01
369 492 -3.33333333333333e-01
370 370 5.00000000000000e+00
370 355 -3.33333333333333e-01
370 359 -3.33333333333333e-01
370 360 -3.33333333333333e-01
370 364 -3.33333333333333e-01
370 365 -3.33333333333333e-01
370 369 -1.66666666666667e-01
370 376 -3.33333333333333e-01
370 380 -3.33333333333333e-01
370 381 -3.33333333333333e-01
370 391 -1.66666666666667e-01
370 205 -1.66666666666667e-01
370 473 -3.33333333333333e-01
370 482 -3.33333333333333e-01
370 483 -3.33333333333333e-01
370 488 -1.66666666666667e-01
370 493 -3.33333333333333e-01
371 371 5.16666666666667e+00
371 351 -1.66666666666667e-01
371 361 -3.33333333333333e-01
371 366 -3.33333333333333e-01
371 372 -1.66666666666667e-01
371 377 -3.33333333333333e-01
371 382 -3.33333333333333e-01
371 387 -3.33333333333333e-01
371 392 -1.66666666666667e-01
371 201 -3.33333333333333e-01
371 214 -1.66666666666667e-01
371 220 -3.33333333333333e-01
371 238 -3.33333333333333e-01
371 489 -1.66666666666667e-01
372 372 5.16666666666667e+00
372 352 -1.66666666666667e-01
372 361 -3.33333333333333e-01
372 362 -1.66666666666667e-01
372 367 -3.33333333333333e-01
372 371 -1.66666666666667e-01
372 373 -1.00000000000000e+00
372 377 -3.33333333333333e-01
372 378 -1.66666666666667e-01
372 382 -3.33333333333333e-01
372 383 -1.66666666666667e-01
372 388 -3.33333333333333e-01
372 393 -1.66666666666667e-01
372 202 -3.33333333333333e-01
372 215 -1.66666666666667e-01
372 220 -3.33333333333333e-01
372 221 -1.66666666666667e-01
372 239 -3.33333333333333e-01
372 490 -1.66666666666667e-01
373 373 6.00000000000000e+00
373 362 -1.00000000000000e+00
373 372 -1.00000000000000e+00
373 374 -1.00000000000000e+00
373 378 -1.00000000000000e+00
373 383 -1.00000000000000e+00
373 221 -1.00000000000000e+00
374 374 5.16666666666667e+00
374 353 -1.66666666666667e-01
374 362 -1.66666666666667e-01
374 363 -3.33333333333333e-01
374 368 -3.33333333333333e-01
374 373 -1.00000000000000e+00
374 375 -1.66666666666667e-01
374 378 -1.66666666666667e-01
374 379 -3.33333333333333e-01
374 383 -1.66666666666667e-01
374 384 -3.33333333333333e-01
374 389 -3.33333333333333e-01
374 394 -1.66666666666667e-01
374 203 -3.33333333333333e-01
374 216 -1.66666666666667e-01
374 221 -1.66666666666667e-01
374 222 -3.33333333333333e-01
374 240 -3.33333333333333e-01
374 491 -1.66666666666667e-01
375 375 5.00000000000000e+00
375 354 -1.66666666666667e-01
375 363 -3.33333333333333e-01
375 364 -3.33333333333333e-01
375 369 -3.33333333333333e-01
375 374 -1.66666666666667e-01
375 376 -1.66666666666667e-01
375 379 -3.33333333333333e-01
375 380 -3.33333333333333e-01
375 384 -3.33333333333333e-01
375 385 -3.33333333333333e-01
375 390 -3.33333333333333e-01
375 395 -1.66666666666667e-01
375 204 -3.33333333333333e-01
375 217 -1.66666666666667e-01
375 222 -3.33333333333333e-01
375 223 -3.33333333333333e-01
375 241 -3.33333333333333e-01
375 492 -1.66666666666667e-01
376 376 5.00000000000000e+00
376 355 -1.66666666666667e-01
376 364 -3.33333333333333e-01
376 365 -3.33333333333333e-01
376 370 -3.33333333333333e-01
376 375 -1.66666666666667e-01
376 380 -3.33333333333333e-01
376 381 -3.33333333333333e-01
376 385 -3.33333333333333e-01
376 386 -3.33333333333333e-01
376 391 -3.33333333333333e-01
376 396 -1.66666666666667e-01
376 205 -3.33333333333333e-01
376 219 -1.66666666666667e-01
376 223 -3.33333333333333e-01
376 224 -3.33333333333333e-01
376 242 -3.33333333333333e-01
376 493 -1.66666666666667e-01
377 377 5.00000000000000e+00
377 356 -1.66666666666667e-01
377 361 -3.33333333333333e-01
377 366 -3.33333333333333e-01
377 367 -3.33333333333333e-01
377 371 -3.33333333333333e-01
377 372 -3.33333333333333e-01
377 378 -1.66666666666667e-01
377 382 -3.33333333333333e-01
377 387 -3.33333333333333e-01
377 388 -3.33333333333333e-01
377 397 -1.66666666666667e-01
377 220 -1.66666666666667e-01
377 479 -3.33333333333333e-01
377 489 -3.33333333333333e-01
377 490 -3.33333333333333e-01
377 494 -1.66666666666667e-01
377 499 -3.33333333333333e-01
378 378 5.16666666666667e+00
378 357 -1.66666666666667e-01
378 362 -1.66666666666667e-01
378 367 -3.33333333333333e-01
378 368 -3.33333333333333e-01
378 372 -1.66666666666667e-01
378 373 -1.00000000000000e+00
378 374 -1.66666666666667e-01
378 377 -1.66666666666667e-01
378 379 -1.66666666666667e-01
378 383 -1.66666666666667e-01
378 388 -3.33333333333333e-01
378 389 -3.33333333333333e-01
378 398 -1.66666666666667e-01
378 480 -3.33333333333333e-01
378 490 -3.33333333333333e-01
378 491 -3.33333333333333e-01
378 495 -1.66666666666667e-01
378 500 -3.33333333333333e-01
379 379 5.00000000000000e+00
379 358 -1.66666666666667e-01
379 363 -3.33333333333333e-01
379 368 -3.33333333333333e-01
379 369 -3.33333333333333e-01
379 374 -3.33333333333333e-01
379 375 -3.33333333333333e-01
379 378 -1.66666666666667e-01
379 380 -1.66666666666667e-01
379 384 -3.33333333333333e-01
379 389 -3.33333333333333e-01
379 390 -3.33333333333333e-01
379 399 -1.66666666666667e-01
379 222 -1.66666666666667e-01
379 481 -3.33333333333333e-01
379 491 -3.33333333333333e-01
379 492 -3.33333333333333e-01
379 496 -1.66666666666667e-01
379 501 -3.33333333333333e-01
380 380 5.00000000000000e+00
380 359 -1.66666666666667e-01
380 364 -3.33333333333333e-01
380 369 -3.33333333333333e-01
380 370 -3.33333333333333e-01
380 375 -3.33333333333333e-01
380 376 -3.33333333333333e-01
380 379 -1.66666666666667e-01
380 381 -1.66666666666667e-01
380 385 -3.33333333333333e-01
380 390 -3.33333333333333e-01
380 391 -3.33333333333333e-01
380 400 -1.66666666666667e-01
380 223 -1.66666666666667e-01
380 482 -3.33333333333333e-01
380 492 -3.33333333333333e-01
380 493 -3.33333333333333e-01
380 497 -1.66666666666667e-01
380 502 -3.33333333333333e-01
381 381 5.16666666666667e+00
381 360 -1.66666666666667e-01
381 365 -3.33333333333333e-01
381 370 -3.33333333333333e-01
381 376 -3.33333333333333e-01
381 380 -1.66666666666667e-01
381 386 -3.33333333333333e-01
381 391 -3.33333333333333e-01
381 401 -1.66666666666667e-01
381 224 -1.66666666666667e-01
381 483 -3.33333333333333e-01
381 493 -3.33333333333333e-01
381 498 -1.66666666666667e-01
381 503 -3.33333333333333e-01
382 382 5.00000000000000e+00
382 361 -1.66666666666667e-01
382 371 -3.33333333333333e-01
382 372 -3.33333333333333e-01
382 377 -3.33333333333333e-01
382 383 -1.66666666666667e-01
382 387 -3.33333333333333e-01
382 388 -3.33333333333333e-01
382 392 -3.33333333333333e-01
382 393 -3.33333333333333e-01
382 397 -3.33333333333333e-01
382 402 -1.66666666666667e-01
382 220 -3.33333333333333e-01
382 232 -1.66666666666667e-01
382 238 -3.33333333333333e-01
382 239 -3.33333333333333e-01
382 256 -3.33333333333333e-01
382 499 -1.66666666666667e-01
383 383 5.16666666666667e+00
383 372 -1.66666666666667e-01
383 373 -1.00000000000000e+00
383 374 -1.66666666666667e-01
383 378 -1.66666666666667e-01
383 382 -1.66666666666667e-01
383 384 -1.66666666666667e-01
383 388 -3.33333333333333e-01
383 389 -3.33333333333333e-01
383 393 -3.33333333333333e-01
383 394 -3.33333333333333e-01
383 398 -3.33333333333333e-01
383 403 -1.66666666666667e-01
383 221 -1.66666666666667e-01
383 233 -1.66666666666667e-01
383 239 -3.33333333333333e-01
383 240 -3.33333333333333e-01
383 257 -3.33333333333333e-01
383 500 -1.66666666666667e-01
384 384 5.00000000000000e+00
384 363 -1.66666666666667e-01
384 374 -3.33333333333333e-01
384 375 -3.33333333333333e-01
384 379 -3.33333333333333e-01
384 383 -1.66666666666667e-01
384 385 -1.66666666666667e-01
384 389 -3.33333333333333e-01
384 390 -3.33333333333333e-01
384 394 -3.33333333333333e-01
384 395 -3.33333333333333e-01
384 399 -3.33333333333333e-01
384 404 -1.66666666666667e-01
384 222 -3.33333333333333e-01
384 234 -1.66666666666667e-01
384 240 -3.33333333333333e-01
384 241 -3.33333333333333e-01
384 258 -3.33333333333333e-01
384 501 -1.66666666666667e-01
385 385 5.00000000000000e+00
385 364 -1.66666666666667e-01
385 375 -3.33333333333333e-01
385 376 -3.33333333333333e-01
385 380 -3.33333333333333e-01
385 384 -1.66666666666667e-01
385 386 -1.66666666666667e-01
385 390 -3.33333333333333e-01
385 391 -3.33333333333333e-01
385 395 -3.33333333333333e-01
385 396 -3.33333333333333e-01
385 400 -3.33333333333333e-01
385 405 -1.66666666666667e-01
385 223 -3.33333333333333e-01
385 235 -1.66666666666667e-01
385 241 -3.33333333333333e-01
385 242 -3.33333333333333e-01
385 259 -3.33333333333333e-01
385 502 -1.66666666666667e-01
386 386 5.16666666666667e+00
386 365 -1.66666666666667e-01
386 376 -3.33333333333333e-01
386 381 -3.33333333333333e-01
386 385 -1.66666666666667e-01
386 391 -3.33333333333333e-01
386 396 -3.33333333333333e-01
386 401 -3.33333333333333e-01
386 406 -1.66666666666667e-01
386 224 -3.33333333333333e-01
386 237 -1.66666666666667e-01
386 242 -3.33333333333333e-01
386 260 -3.33333333333333e-01
386 503 -1.66666666666667e-01
387 387 5.16666666666667e+00
387 366 -1.66666666666667e-01
387 371 -3.33333333333333e-01
387 377 -3.33333333333333e-01
387 382 -3.33333333333333e-01
387 388 -1.66666666666667e-01
387 392 -3.33333333333333e-01
387 397 -3.33333333333333e-01
387 407 -1.66666666666667e-01
387 238 -1.66666666666667e-01
387 489 -3.33333333333333e-01
387 499 -3.33333333333333e-01
387 504 -1.66666666666667e-01
387 509 -3.33333333333333e-01
388 388 5.00000000000000e+00
388 367 -1.66666666666667e-01
388 372 -3.33333333333333e-01
388 377 -3.33333333333333e-01
388 378 -3.33333333333333e-01
388 382 -3.33333333333333e-01
388 383 -3.33333333333333e-01
388 387 -1.66666666666667e-01
388 389 -1.66666666666667e-01
388 393 -3.33333333333333e-01
388 397 -3.33333333333333e-01
388 398 -3.33333333333333e-01
388 408 -1.66666666666667e-01
388 239 -1.66666666666667e-01
388 490 -3.33333333333333e-01
388 499 -3.33333333333333e-01
388 500 -3.33333333333333e-01
388 505 -1.66666666666667e-01
388 510 -3.33333333333333e-01
389 389 5.00000000000000e+00
389 368 -1.66666666666667e-01
389 374 -3.33333333333333e-01
389 378 -3.33333333333333e-01
389 379 -3.33333333333333e-01
389 383 -3.33333333333333e-01
389 384 -3.33333333333333e-01
389 388 -1.66666666666667e-01
389 390 -1.66666666666667e-01
389 394 -3.33333333333333e-01
389 398 -3.33333333333333e-01
389 399 -3.33333333333333e-01
389 409 -1.66666666666667e-01
389 240 -1.66666666666667e-01
389 491 -3.33333333333333e-01
389 500 -3.33333333333333e-01
389 501 -3.33333333333333e-01
389 506 -1.66666666666667e-01
389 511 -3.33333333333333e-01
390 390 5.00000000000000e+00
390 369 -1.66666666666667e-01
390 375 -3.33333333333333e-01
390 379 -3.33333333333333e-01
390 380 -3.33333333333333e-01
390 384 -3.33333333333333e-01
390 385 -3.33333333333333e-01
390 389 -1.66666666666667e-01
390 391 -1.66666666666667e-01
390 395 -3.33333333333333e-01
390 399 -3.33333333333333e-01
390 400 -3.33333333333333e-01
390 411 -1.66666666666667e-01
390 241 -1.66666666666667e-01
390 492 -3.33333333333333e-01
390 501 -3.33333333333333e-01
390 502 -3.33333333333333e-01
390 507 -1.66666666666667e-01
390 512 -3.33333333333333e-01
391 391 5.00000000000000e+00
391 370 -1.66666666666667e-01
391 376 -3.33333333333333e-01
391 380 -3.33333333333333e-01
391 381 -3.33333333333333e-01
391 385 -3.33333333333333e-01
391 386 -3.33333333333333e-01
391 390 -1.66666666666667e-01
391 396 -3.33333333333333e-01
391 400 -3.33333333333333e-01
391 401 -3.33333333333333e-01
391 412 -1.66666666666667e-01
391 242 -1.66666666666667e-01
391 493 -3.33333333333333e-01
391 502 -3.33333333333333e-01
391 503 -3.33333333333333e-01
391 508 -1.66666666666667e-01
391 513 -3.33333333333333e-01
392 392 5.16666666666667e+00
392 371 -1.66666666666667e-01
392 382 -3.33333333333333e-01
392 387 -3.33333333333333e-01
392 393 -1.66666666666667e-01
392 397 -3.33333333333333e-01
392 402 -3.33333333333333e-01
392 407 -3.33333333333333e-01
392 413 -1.66666666666667e-01
392 238 -3.33333333333333e-01
392 251 -1.66666666666667e-01
392 256 -3.33333333333333e-01
392 274 -3.33333333333333e-01
392 509 -1.66666666666667e-01
393 393 5.00000000000000e+00
393 372 -1.66666666666667e-01
393 382 -3.33333333333333e-01
393 383 -3.33333333333333e-01
393 388 -3.33333333333333e-01
393 392 -1.66666666666667e-01
393 394 -1.66666666666667e-01
393 397 -3.33333333333333e-01
393 398 -3.33333333333333e-01
393 402 -3.33333333333333e-01
393 403 -3.33333333333333e-01
393 408 -3.33333333333333e-01
393 415 -1.66666666666667e-01
393 239 -3.33333333333333e-01
393 252 -1.66666666666667e-01
393 256 -3.33333333333333e-01
393 257 -3.33333333333333e-01
393 275 -3.33333333333333e-01
393 510 -1.66666666666667e-01
394 394 5.00000000000000e+00
394 374 -1.66666666666667e-01
394 383 -3.33333333333333e-01
394 384 -3.33333333333333e-01
394 389 -3.33333333333333e-01
394 393 -1.66666666666667e-01
394 395 -1.66666666666667e-01
394 398 -3.33333333333333e-01
394 399 -3.33333333333333e-01
394 403 -3.33333333333333e-01
394 404 -3.33333333333333e-01
394 409 -3.33333333333333e-01
394 417 -1.66666666666667e-01
394 240 -3.33333333333333e-01
394 253 -1.66666666666667e-01
394 257 -3.33333333333333e-01
394 258 -3.33333333333333e-01
394 276 -3.33333333333333e-01
394 511 -1.66666666666667e-01
395 395 5.00000000000000e+00
395 375 -1.66666666666667e-01
395 384 -3.33333333333333e-01
395 385 -3.33333333333333e-01
395 390 -3.33333333333333e-01
395 394 -1.66666666666667e-01
395 396 -1.66666666666667e-01
395 399 -3.33333333333333e-01
395 400 -3.33333333333333e-01
395 404 -3.33333333333333e-01
395 405 -3.33333333333333e-01
395 411 -3.33333333333333e-01
395 419 -1.66666666666667e-01
395 241 -3.33333333333333e-01
395 254 -1.66666666666667e-01
395 258 -3.33333333333333e-01
395 259 -3.33333333333333e-01
395 277 -3.33333333333333e-01
395 512 -1.66666666666667e-01
396 396 5.00000000000000e+00
396 376 -1.66666666666667e-01
396 385 -3.33333333333333e-01
396 386 -3.33333333333333e-01
396 391 -3.33333333333333e-01
396 395 -1.66666666666667e-01
396 400 -3.33333333333333e-01
396 401 -3.33333333333333e-01
396 405 -3.33333333333333e-01
396 406 -3.33333333333333e-01
396 412 -3.33333333333333e-01
396 420 -1.66666666666667e-01
396 242 -3.33333333333333e-01
396 255 -1.66666666666667e-01
396 259 -3.33333333333333e-01
396 260 -3.33333333333333e-01
396 278 -3.33333333333333e-01
396 513 -1.66666666666667e-01
397 397 5.00000000000000e+00
397 377 -1.66666666666667e-01
397 382 -3.33333333333333e-01
397 387 -3.33333333333333e-01
397 388 -3.33333333333333e-01
397 392 -3.33333333333333e-01
397 393 -3.33333333333333e-01
397 398 -1.66666666666667e-01
397 402 -3.33333333333333e-01
397 407 -3.33333333333333e-01
397 408 -3.33333333333333e-01
397 421 -1.66666666666667e-01
397 256 -1.66666666666667e-01
397 499 -3.33333333333333e-01
397 509 -3.33333333333333e-01
397 510 -3.33333333333333e-01
397 514 -1.66666666666667e-01
397 519 -3.33333333333333e-01
398 398 5.00000000000000e+00
398 378 -1.66666666666667e-01
398 383 -3.33333333333333e-01
398 388 -3.33333333333333e-01
398 389 -3.33333333333333e-01
398 393 -3.33333333333333e-01
398 394 -3.33333333333333e-01
398 397 -1.66666666666667e-01
398 399 -1.66666666666667e-01
398 403 -3.33333333333333e-01
398 408 -3.33333333333333e-01
398 409 -3.33333333333333e-01
398 422 -1.66666666666667e-01
398 257 -1.66666666666667e-01
398 500 -3.33333333333333e-01
398 510 -3.33333333333333e-01
398 511 -3.33333333333333e-01
398 515 -1.66666666666667e-01
398 520 -3.33333333333333e-01
399 399 5.16666666666667e+00
399 379 -1.66666666666667e-01
399 384 -3.33333333333333e-01
399 389 -3.33333333333333e-01
399 390 -3.33333333333333e-01
399 394 -3.33333333333333e-01
399 395 -3.33333333333333e-01
399 398 -1.66666666666667e-01
399 400 -1.66666666666667e-01
399 404 -1.66666666666667e-01
399 409 -1.66666666666667e-01
399 410 -1.00000000000000e+00
399 411 -1.66666666666667e-01
399 258 -1.66666666666667e-01
399 501 -3.33333333333333e-01
399 511 -3.33333333333333e-01
399 512 -3.33333333333333e-01
399 516 -1.66666666666667e-01
399 521 -1.66666666666667e-01
400 400 5.00000000000000e+00
400 380 -1.66666666666667e-01
400 385 -3.33333333333333e-01
400 390 -3.33333333333333e-01
400 391 -3.33333333333333e-01
400 395 -3.33333333333333e-01
400 396 -3.33333333333333e-01
400 399 -1.66666666666667e-01
400 401 -1.66666666666667e-01
400 405 -3.33333333333333e-01
400 411 -3.33333333333333e-01
400 412 -3.33333333333333e-01
400 425 -1.66666666666667e-01
400 259 -1.66666666666667e-01
400 502 -3.33333333333333e-01
400 512 -3.33333333333333e-01
400 513 -3.33333333333333e-01
400 517 -1.66666666666667e-01
400 522 -3.33333333333333e-01
401 401 5.16666666666667e+00
401 381 -1.66666666666667e-01
401 386 -3.33333333333333e-01
401 391 -3.33333333333333e-01
401 396 -3.33333333333333e-01
401 400 -1.66666666666667e-01
401 406 -3.33333333333333e-01
401 412 -3.33333333333333e-01
401 426 -1.66666666666667e-01
401 260 -1.66666666666667e-01
401 503 -3.33333333333333e-01
401 513 -3.33333333333333e-01
401 518 -1.66666666666667e-01
401 523 -3.33333333333333e-01
402 402 5.16666666666667e+00
402 382 -1.66666666666667e-01
402 392 -3.33333333333333e-01
402 393 -3.33333333333333e-01
402 397 -3.33333333333333e-01
402 403 -1.66666666666667e-01
402 407 -3.33333333333333e-01
402 408 -3.33333333333333e-01
402 413 -1.66666666666667e-01
402 414 -1.00000000000000e+00
402 415 -1.66666666666667e-01
402 421 -1.66666666666667e-01
402 256 -3.33333333333333e-01
402 269 -1.66666666666667e-01
402 274 -3.33333333333333e-01
402 275 -3.33333333333333e-01
402 293 -1.66666666666667e-01
402 519 -1.66666666666667e-01
403 403 5.16666666666667e+00
403 383 -1.66666666666667e-01
403 393 -3.33333333333333e-01
403 394 -3.33333333333333e-01
403 398 -3.33333333333333e-01
403 402 -1.66666666666667e-01
403 404 -1.66666666666667e-01
403 408 -3.33333333333333e-01
403 409 -3.33333333333333e-01
403 415 -1.66666666666667e-01
403 416 -1.00000000000000e+00
403 417 -1.66666666666667e-01
403 422 -1.66666666666667e-01
403 257 -3.33333333333333e-01
403 270 -1.66666666666667e-01
403 275 -3.33333333333333e-01
403 276 -3.33333333333333e-01
403 294 -1.66666666666667e-01
403 520 -1.66666666666667e-01
404 404 5.33333333333333e+00
404 384 -1.66666666666667e-01
404 394 -3.33333333333333e-01
404 395 -3.33333333333333e-01
404 399 -1.66666666666667e-01
404 403 -1.66666666666667e-01
404 405 -1.66666666666667e-01
404 409 -1.66666666666667e-01
404 410 -1.00000000000000e+00
404 411 -1.66666666666667e-01
404 417 -1.66666666666667e-01
404 418 -1.00000000000000e+00
404 419 -1.66666666666667e-01
404 258 -3.33333333333333e-01
404 271 -1.66666666666667e-01
404 276 -3.33333333333333e-01
404 277 -3.33333333333333e-01
404 295 -1.66666666666667e-01
405 405 5.00000000000000e+00
405 385 -1.66666666666667e-01
405 395 -3.33333333333333e-01
405 396 -3.33333333333333e-01
405 400 -3.33333333333333e-01
405 404 -1.66666666666667e-01
405 406 -1.66666666666667e-01
405 411 -3.33333333333333e-01
405 412 -3.33333333333333e-01
405 419 -3.33333333333333e-01
405 420 -3.33333333333333e-01
405 425 -3.33333333333333e-01
405 433 -1.66666666666667e-01
405 259 -3.33333333333333e-01
405 272 -1.66666666666667e-01
405 277 -3.33333333333333e-01
405 278 -3.33333333333333e-01
405 296 -3.33333333333333e-01
405 522 -1.66666666666667e-01
406 406 5.16666666666667e+00
406 386 -1.66666666666667e-01
406 396 -3.33333333333333e-01
406 401 -3.33333333333333e-01
406 405 -1.66666666666667e-01
406 412 -3.33333333333333e-01
406 420 -3.33333333333333e-01
406 426 -3.33333333333333e-01
406 434 -1.66666666666667e-01
406 260 -3.33333333333333e-01
406 273 -1.66666666666667e-01
406 278 -3.33333333333333e-01
406 297 -3.33333333333333e-01
406 523 -1.66666666666667e-01
407 407 5.16666666666667e+00
407 387 -1.66666666666667e-01
407 392 -3.33333333333333e-01
407 397 -3.33333333333333e-01
407 402 -3.33333333333333e-01
407 408 -1.66666666666667e-01
407 413 -3.33333333333333e-01
407 421 -3.33333333333333e-01
407 435 -1.66666666666667e-01
407 274 -1.66666666666667e-01
407 509 -3.33333333333333e-01
407 519 -3.33333333333333e-01
407 524 -1.66666666666667e-01
407 529 -3.33333333333333e-01
408 408 5.00000000000000e+00
408 388 -1.66666666666667e-01
408 393 -3.33333333333333e-01
408 397 -3.33333333333333e-01
408 398 -3.33333333333333e-01
408 402 -3.33333333333333e-01
408 403 -3.33333333333333e-01
408 407 -1.66666666666667e-01
408 409 -1.66666666666667e-01
408 415 -3.33333333333333e-01
408 421 -3.33333333333333e-01
408 422 -3.33333333333333e-01
408 436 -1.66666666666667e-01
408 275 -1.66666666666667e-01
408 510 -3.33333333333333e-01
408 519 -3.33333333333333e-01
408 520 -3.33333333333333e-01
408 525 -1.66666666666667e-01
408 530 -3.33333333333333e-01
409 409 5.16666666666667e+00
409 389 -1.66666666666667e-01
409 394 -3.33333333333333e-01
409 398 -3.33333333333333e-01
409 399 -1.66666666666667e-01
409 403 -3.33333333333333e-01
409 404 -1.66666666666667e-01
409 408 -1.66666666666667e-01
409 410 -1.00000000000000e+00
409 417 -3.33333333333333e-01
409 422 -3.33333333333333e-01
409 423 -1.66666666666667e-01
409 437 -1.66666666666667e-01
409 276 -1.66666666666667e-01
409 511 -3.33333333333333e-01
409 520 -3.33333333333333e-01
409 521 -1.66666666666667e-01
409 526 -1.66666666666667e-01
409 531 -3.33333333333333e-01
410 410 6.00000000000000e+00
410 399 -1.00000000000000e+00
410 404 -1.00000000000000e+00
410 409 -1.00000000000000e+00
410 411 -1.00000000000000e+00
410 423 -1.00000000000000e+00
410 521 -1.00000000000000e+00
411 411 5.33333333333333e+00
411 390 -1.66666666666667e-01
411 395 -3.33333333333333e-01
411 399 -1.66666666666667e-01
411 400 -3.33333333333333e-01
411 404 -1.66666666666667e-01
411 405 -3.33333333333333e-01
411 410 -1.00000000000000e+00
411 412 -1.66666666666667e-01
411 419 -1.66666666666667e-01
411 424 -1.00000000000000e+00
411 425 -1.66666666666667e-01
411 277 -1.66666666666667e-01
411 512 -3.33333333333333e-01
411 521 -1.66666666666667e-01
411 522 -3.33333333333333e-01
411 527 -1.66666666666667e-01
411 532 -1.66666666666667e-01
412 412 5.00000000000000e+00
412 391 -1.66666666666667e-01
412 396 -3.33333333333333e-01
412 400 -3.33333333333333e-01
412 401 -3.33333333333333e-01
412 405 -3.33333333333333e-01
412 406 -3.33333333333333e-01
412 411 -1.66666666666667e-01
412 420 -3.33333333333333e-01
412 425 -3.33333333333333e-01
412 426 -3.33333333333333e-01
412 440 -1.66666666666667e-01
412 278 -1.66666666666667e-01
412 513 -3.33333333333333e-01
412 522 -3.33333333333333e-01
412 523 -3.33333333333333e-01
412 528 -1.66666666666667e-01
412 533 -3.33333333333333e-01
413 413 5.50000000000000e+00
413 392 -1.66666666666667e-01
413 402 -1.66666666666667e-01
413 407 -3.33333333333333e-01
413 414 -1.00000000000000e+00
413 421 -1.66666666666667e-01
413 427 -1.00000000000000e+00
413 435 -1.66666666666667e-01
413 274 -3.33333333333333e-01
413 288 -1.66666666666667e-01
413 293 -1.66666666666667e-01
413 309 -1.66666666666667e-01
413 529 -1.66666666666667e-01
414 414 6.00000000000000e+00
414 402 -1.00000000000000e+00
414 413 -1.00000000000000e+00
414 415 -1.00000000000000e+00
414 421 -1.00000000000000e+00
414 428 -1.00000000000000e+00
414 293 -1.00000000000000e+00
415 415 5.50000000000000e+00
415 393 -1.66666666666667e-01
415 402 -1.66666666666667e-01
415 403 -1.66666666666667e-01
415 408 -3.33333333333333e-01
415 414 -1.00000000000000e+00
415 416 -1.00000000000000e+00
415 421 -1.66666666666667e-01
415 422 -1.66666666666667e-01
415 429 -1.00000000000000e+00
415 436 -1.66666666666667e-01
415 275 -3.33333333333333e-01
415 289 -1.66666666666667e-01
415 293 -1.66666666666667e-01
415 294 -1.66666666666667e-01
415 311 -1.66666666666667e-01
415 530 -1.66666666666667e-01
416 416 6.00000000000000e+00
416 403 -1.00000000000000e+00
416 415 -1.00000000000000e+00
416 417 -1.00000000000000e+00
416 422 -1.00000000000000e+00
416 430 -1.00000000000000e+00
416 294 -1.00000000000000e+00
417 417 5.33333333333333e+00
417 394 -1.66666666666667e-01
417 403 -1.66666666666667e-01
417 404 -1.66666666666667e-01
417 409 -3.33333333333333e-01
417 416 -1.00000000000000e+00
417 418 -1.00000000000000e+00
417 422 -1.66666666666667e-01
417 423 -1.66666666666667e-01
417 430 -1.66666666666667e-01
417 431 -1.66666666666667e-01
417 437 -3.33333333333333e-01
417 444 -1.66666666666667e-01
417 276 -3.33333333333333e-01
417 290 -1.66666666666667e-01
417 294 -1.66666666666667e-01
417 295 -1.66666666666667e-01
417 312 -3.33333333333333e-01
417 531 -1.66666666666667e-01
418 418 6.00000000000000e+00
418 404 -1.00000000000000e+00
418 417 -1.00000000000000e+00
418 419 -1.00000000000000e+00
418 423 -1.00000000000000e+00
418 431 -1.00000000000000e+00
418 295 -1.00000000000000e+00
419 419 5.50000000000000e+00
419 395 -1.66666666666667e-01
419 404 -1.66666666666667e-01
419 405 -3.33333333333333e-01
419 411 -1.66666666666667e-01
419 418 -1.00000000000000e+00
419 420 -1.66666666666667e-01
419 424 -1.00000000000000e+00
419 425 -1.66666666666667e-01
419 432 -1.00000000000000e+00
419 433 -1.66666666666667e-01
419 277 -3.33333333333333e-01
419 291 -1.66666666666667e-01
419 295 -1.66666666666667e-01
419 296 -3.33333333333333e-01
419 313 -1.66666666666667e-01
420 420 5.00000000000000e+00
420 396 -1.66666666666667e-01
420 405 -3.33333333333333e-01
420 406 -3.33333333333333e-01
420 412 -3.33333333333333e-01
420 419 -1.66666666666667e-01
420 425 -3.33333333333333e-01
420 426 -3.33333333333333e-01
420 433 -3.33333333333333e-01
420 434 -3.33333333333333e-01
420 440 -3.33333333333333e-01
420 447 -1.66666666666667e-01
420 278 -3.33333333333333e-01
420 292 -1.66666666666667e-01
420 296 -3.33333333333333e-01
420 297 -3.33333333333333e-01
420 314 -3.33333333333333e-01
420 533 -1.66666666666667e-01
421 421 5.16666666666667e+00
421 397 -1.66666666666667e-01
421 402 -1.66666666666667e-01
421 407 -3.33333333333333e-01
421 408 -3.33333333333333e-01
421 413 -1.66666666666667e-01
421 414 -1.00000000000000e+00
421 415 -1.66666666666667e-01
421 422 -1.66666666666667e-01
421 428 -1.66666666666667e-01
421 435 -3.33333333333333e-01
421 436 -3.33333333333333e-01
421 450 -1.66666666666667e-01
421 519 -3.33333333333333e-01
421 529 -3.33333333333333e-01
421 530 -3.33333333333333e-01
421 534 -1.66666666666667e-01
421 539 -3.33333333333333e-01
422 422 5.16666666666667e+00
422 398 -1.66666666666667e-01
422 403 -1.66666666666667e-01
422 408 -3.33333333333333e-01
422 409 -3.33333333333333e-01
422 415 -1.66666666666667e-01
422 416 -1.00000000000000e+00
422 417 -1.66666666666667e-01
422 421 -1.66666666666667e-01
422 423 -1.66666666666667e-01
422 430 -1.66666666666667e-01
422 436 -3.33333333333333e-01
422 437 -3.33333333333333e-01
422 451 -1.66666666666667e-01
422 520 -3.33333333333333e-01
422 530 -3.33333333333333e-01
422 531 -3.33333333333333e-01
422 535 -1.66666666666667e-01
422 540 -3.33333333333333e-01
423 423 5.66666666666667e+00
423 409 -1.66666666666667e-01
423 410 -1.00000000000000e+00
423 417 -1.66666666666667e-01
423 418 -1.00000000000000e+00
423 422 -1.66666666666667e-01
423 424 -1.00000000000000e+00
423 437 -1.66666666666667e-01
423 438 -1.00000000000000e+00
423 521 -1.66666666666667e-01
423 531 -3.33333333333333e-01
423 532 -1.66666666666667e-01
423 536 -1.66666666666667e-01
423 541 -1.66666666666667e-01
424 424 6.00000000000000e+00
424 411 -1.00000000000000e+00
424 419 -1.00000000000000e+00
424 423 -1.00000000000000e+00
424 425 -1.00000000000000e+00
424 439 -1.00000000000000e+00
424 532 -1.00000000000000e+00
425 425 5.16666666666667e+00
425 400 -1.66666666666667e-01
425 405 -3.33333333333333e-01
425 411 -1.66666666666667e-01
425 412 -3.33333333333333e-01
425 419 -1.66666666666667e-01
425 420 -3.33333333333333e-01
425 424 -1.00000000000000e+00
425 426 -1.66666666666667e-01
425 433 -3.33333333333333e-01
425 439 -1.66666666666667e-01
425 440 -3.33333333333333e-01
425 454 -1.66666666666667e-01
425 296 -1.66666666666667e-01
425 522 -3.33333333333333e-01
425 532 -1.66666666666667e-01
425 533 -3.33333333333333e-01
425 537 -1.66666666666667e-01
425 542 -3.33333333333333e-01
426 426 5.16666666666667e+00
426 401 -1.66666666666667e-01
426 406 -3.33333333333333e-01
426 412 -3.33333333333333e-01
426 420 -3.33333333333333e-01
426 425 -1.66666666666667e-01
426 434 -3.33333333333333e-01
426 440 -3.33333333333333e-01
426 456 -1.66666666666667e-01
426 297 -1.66666666666667e-01
426 523 -3.33333333333333e-01
426 533 -3.33333333333333e-01
426 538 -1.66666666666667e-01
426 543 -3.33333333333333e-01
427 427 6.00000000000000e+00
427 413 -1.00000000000000e+00
427 428 -1.00000000000000e+00
427 435 -1.00000000000000e+00
427 441 -1.00000000000000e+00
427 309 -1.00000000000000e+00
428 428 5.83333333333333e+00
428 414 -1.00000000000000e+00
428 421 -1.66666666666667e-01
428 427 -1.00000000000000e+00
428 429 -1.00000000000000e+00
428 435 -1.66666666666667e-01
428 436 -1.66666666666667e-01
428 442 -1.00000000000000e+00
428 450 -1.66666666666667e-01
428 310 -1.00000000000000e+00
428 539 -1.66666666666667e-01
429 429 6.00000000000000e+00
429 415 -1.00000000000000e+00
429 428 -1.00000000000000e+00
429 430 -1.00000000000000e+00
429 436 -1.00000000000000e+00
429 443 -1.00000000000000e+00
429 311 -1.00000000000000e+00
430 430 5.33333333333333e+00
430 416 -1.00000000000000e+00
430 417 -1.66666666666667e-01
430 422 -1.66666666666667e-01
430 429 -1.00000000000000e+00
430 431 -1.66666666666667e-01
430 436 -1.66666666666667e-01
430 437 -3.33333333333333e-01
430 443 -1.66666666666667e-01
430 444 -3.33333333333333e-01
430 451 -3.33333333333333e-01
430 459 -1.66666666666667e-01
430 294 -1.66666666666667e-01
430 305 -1.66666666666667e-01
430 311 -1.66666666666667e-01
430 312 -3.33333333333333e-01
430 328 -3.33333333333333e-01
430 540 -1.66666666666667e-01
431 431 5.66666666666667e+00
431 417 -1.66666666666667e-01
431 418 -1.00000000000000e+00
431 430 -1.66666666666667e-01
431 432 -1.00000000000000e+00
431 437 -1.66666666666667e-01
431 438 -1.00000000000000e+00
431 444 -1.66666666666667e-01
431 445 -1.00000000000000e+00
431 295 -1.66666666666667e-01
431 306 -1.66666666666667e-01
431 312 -3.33333333333333e-01
431 313 -1.66666666666667e-01
431 329 -1.66666666666667e-01
432 432 6.00000000000000e+00
432 419 -1.00000000000000e+00
432 431 -1.00000000000000e+00
432 433 -1.00000000000000e+00
432 439 -1.00000000000000e+00
432 446 -1.00000000000000e+00
432 313 -1.00000000000000e+00
433 433 5.16666666666667e+00
433 405 -1.66666666666667e-01
433 419 -1.66666666666667e-01
433 420 -3.33333333333333e-01
433 425 -3.33333333333333e-01
433 432 -1.00000000000000e+00
433 434 -1.66666666666667e-01
433 439 -1.66666666666667e-01
433 440 -3.33333333333333e-01
433 446 -1.66666666666667e-01
433 447 -3.33333333333333e-01
433 454 -3.33333333333333e-01
433 461 -1.66666666666667e-01
433 296 -3.33333333333333e-01
433 307 -1.66666666666667e-01
433 313 -1.66666666666667e-01
433 314 -3.33333333333333e-01
433 330 -3.33333333333333e-01
433 542 -1.66666666666667e-01
434 434 5.33333333333333e+00
434 406 -1.66666666666667e-01
434 420 -3.33333333333333e-01
434 426 -3.33333333333333e-01
434 433 -1.66666666666667e-01
434 440 -3.33333333333333e-01
434 447 -1.66666666666667e-01
434 448 -1.00000000000000e+00
434 456 -1.66666666666667e-01
434 297 -3.33333333333333e-01
434 308 -1.66666666666667e-01
434 314 -3.33333333333333e-01
434 331 -1.66666666666667e-01
434 543 -1.66666666666667e-01
435 435 5.50000000000000e+00
435 407 -1.66666666666667e-01
435 413 -1.66666666666667e-01
435 421 -3.33333333333333e-01
435 427 -1.00000000000000e+00
435 428 -1.66666666666667e-01
435 436 -1.66666666666667e-01
435 449 -1.00000000000000e+00
435 450 -1.66666666666667e-01
435 529 -3.33333333333333e-01
435 539 -3.33333333333333e-01
435 544 -1.66666666666667e-01
435 549 -1.66666666666667e-01
436 436 5.16666666666667e+00
436 408 -1.66666666666667e-01
436 415 -1.66666666666667e-01
436 421 -3.33333333333333e-01
436 422 -3.33333333333333e-01
436 428 -1.66666666666667e-01
436 429 -1.00000000000000e+00
436 430 -1.66666666666667e-01
436 435 -1.66666666666667e-01
436 437 -1.66666666666667e-01
436 443 -1.66666666666667e-01
436 450 -3.33333333333333e-01
436 451 -3.33333333333333e-01
436 465 -1.66666666666667e-01
436 530 -3.33333333333333e-01
436 539 -3.33333333333333e-01
436 540 -3.33333333333333e-01
436 545 -1.66666666666667e-01
436 550 -3.33333333333333e-01
437 437 5.16666666666667e+00
437 409 -1.66666666666667e-01
437 417 -3.33333333333333e-01
437 422 -3.33333333333333e-01
437 423 -1.66666666666667e-01
437 430 -3.33333333333333e-01
437 431 -1.66666666666667e-01
437 436 -1.66666666666667e-01
437 438 -1.00000000000000e+00
437 444 -3.33333333333333e-01
437 451 -3.33333333333333e-01
437 452 -1.66666666666667e-01
437 466 -1.66666666666667e-01
437 312 -1.66666666666667e-01
437 531 -3.33333333333333e-01
437 540 -3.33333333333333e-01
437 541 -1.66666666666667e-01
437 546 -1.66666666666667e-01
437 551 -3.33333333333333e-01
438 438 6.00000000000000e+00
438 423 -1.00000000000000e+00
438 431 -1.00000000000000e+00
438 437 -1.00000000000000e+00
438 439 -1.00000000000000e+00
438 452 -1.00000000000000e+00
438 541 -1.00000000000000e+00
439 439 5.66666666666667e+00
439 424 -1.00000000000000e+00
439 425 -1.66666666666667e-01
439 432 -1.00000000000000e+00
439 433 -1.66666666666667e-01
439 438 -1.00000000000000e+00
439 440 -1.66666666666667e-01
439 453 -1.00000000000000e+00
439 454 -1.66666666666667e-01
439 532 -1.66666666666667e-01
439 541 -1.66666666666667e-01
439 542 -3.33333333333333e-01
439 547 -1.66666666666667e-01
439 552 -1.66666666666667e-01
440 440 5.16666666666667e+00
440 412 -1.66666666666667e-01
440 420 -3.33333333333333e-01
440 425 -3.33333333333333e-01
440 426 -3.33333333333333e-01
440 433 -3.33333333333333e-01
440 434 -3.33333333333333e-01
440 439 -1.66666666666667e-01
440 447 -1.66666666666667e-01
440 454 -1.66666666666667e-01
440 455 -1.00000000000000e+00
440 456 -1.66666666666667e-01
440 314 -1.66666666666667e-01
440 533 -3.33333333333333e-01
440 542 -3.33333333333333e-01
440 543 -3.33333333333333e-01
440 548 -1.66666666666667e-01
440 553 -1.66666666666667e-01
441 441 5.83333333333333e+00
441 427 -1.00000000000000e+00
441 442 -1.00000000000000e+00
441 449 -1.00000000000000e+00
441 457 -1.00000000000000e+00
441 309 -1.66666666666667e-01
441 322 -1.66666666666667e-01
441 327 -1.66666666666667e-01
441 346 -1.66666666666667e-01
442 442 6.00000000000000e+00
442 428 -1.00000000000000e+00
442 441 -1.00000000000000e+00
442 443 -1.00000000000000e+00
442 450 -1.00000000000000e+00
442 458 -1.00000000000000e+00
442 327 -1.00000000000000e+00
443 443 5.33333333333333e+00
443 429 -1.00000000000000e+00
443 430 -1.66666666666667e-01
443 436 -1.66666666666667e-01
443 442 -1.00000000000000e+00
443 444 -1.66666666666667e-01
443 450 -1.66666666666667e-01
443 451 -3.33333333333333e-01
443 458 -1.66666666666667e-01
443 459 -3.33333333333333e-01
443 465 -3.33333333333333e-01
443 311 -1.66666666666667e-01
443 323 -1.66666666666667e-01
443 327 -1.66666666666667e-01
443 328 -3.33333333333333e-01
443 347 -3.33333333333333e-01
443 550 -1.66666666666667e-01
444 444 5.16666666666667e+00
444 417 -1.66666666666667e-01
444 430 -3.33333333333333e-01
444 431 -1.66666666666667e-01
444 437 -3.33333333333333e-01
444 443 -1.66666666666667e-01
444 445 -1.00000000000000e+00
444 451 -3.33333333333333e-01
444 452 -1.66666666666667e-01
444 459 -3.33333333333333e-01
444 460 -1.66666666666667e-01
444 466 -3.33333333333333e-01
444 312 -3.33333333333333e-01
444 324 -1.66666666666667e-01
444 328 -3.33333333333333e-01
444 329 -1.66666666666667e-01
444 348 -3.33333333333333e-01
444 551 -1.66666666666667e-01
445 445 6.00000000000000e+00
445 431 -1.00000000000000e+00
445 444 -1.00000000000000e+00
445 446 -1.00000000000000e+00
445 452 -1.00000000000000e+00
445 460 -1.00000000000000e+00
445 329 -1.00000000000000e+00
446 446 5.50000000000000e+00
446 432 -1.00000000000000e+00
446 433 -1.66666666666667e-01
446 445 -1.00000000000000e+00
446 447 -1.66666666666667e-01
446 453 -1.00000000000000e+00
446 454 -1.66666666666667e-01
446 460 -1.66666666666667e-01
446 461 -3.33333333333333e-01
446 467 -1.66666666666667e-01
446 313 -1.66666666666667e-01
446 325 -1.66666666666667e-01
446 329 -1.66666666666667e-01
446 330 -3.33333333333333e-01
446 349 -3.33333333333333e-01
447 447 5.33333333333333e+00
447 420 -1.66666666666667e-01
447 433 -3.33333333333333e-01
447 434 -1.66666666666667e-01
447 440 -1.66666666666667e-01
447 446 -1.66666666666667e-01
447 448 -1.00000000000000e+00
447 454 -1.66666666666667e-01
447 455 -1.00000000000000e+00
447 461 -3.33333333333333e-01
447 462 -1.66666666666667e-01
447 468 -1.66666666666667e-01
447 314 -3.33333333333333e-01
447 326 -1.66666666666667e-01
447 330 -3.33333333333333e-01
447 331 -1.66666666666667e-01
447 350 -3.33333333333333e-01
448 448 6.00000000000000e+00
448 434 -1.00000000000000e+00
448 447 -1.00000000000000e+00
448 456 -1.00000000000000e+00
448 462 -1.00000000000000e+00
448 331 -1.00000000000000e+00
449 449 6.00000000000000e+00
449 435 -1.00000000000000e+00
449 441 -1.00000000000000e+00
449 450 -1.00000000000000e+00
449 463 -1.00000000000000e+00
449 549 -1.00000000000000e+00
450 450 5.50000000000000e+00
450 421 -1.66666666666667e-01
450 428 -1.66666666666667e-01
450 435 -1.66666666666667e-01
450 436 -3.33333333333333e-01
450 442 -1.00000000000000e+00
450 443 -1.66666666666667e-01
450 449 -1.00000000000000e+00
450 451 -1.66666666666667e-01
450 464 -1.00000000000000e+00
450 465 -1.66666666666667e-01
450 539 -3.33333333333333e-01
450 549 -1.66666666666667e-01
450 550 -3.33333333333333e-01
450 554 -1.66666666666667e-01
450 559 -1.66666666666667e-01
451 451 5.00000000000000e+00
451 422 -1.66666666666667e-01
451 430 -3.33333333333333e-01
451 436 -3.33333333333333e-01
451 437 -3.33333333333333e-01
451 443 -3.33333333333333e-01
451 444 -3.33333333333333e-01
451 450 -1.66666666666667e-01
451 452 -1.66666666666667e-01
451 459 -3.33333333333333e-01
451 465 -3.33333333333333e-01
451 466 -3.33333333333333e-01
451 328 -1.66666666666667e-01
451 540 -3.33333333333333e-01
451 550 -3.33333333333333e-01
451 551 -3.33333333333333e-01
451 555 -1.66666666666667e-01
451 560 -3.33333333333333e-01
452 452 5.50000000000000e+00
452 437 -1.66666666666667e-01
452 438 -1.00000000000000e+00
452 444 -1.66666666666667e-01
452 445 -1.00000000000000e+00
452 451 -1.66666666666667e-01
452 453 -1.00000000000000e+00
452 460 -1.66666666666667e-01
452 466 -3.33333333333333e-01
452 467 -1.66666666666667e-01
452 541 -1.66666666666667e-01
452 551 -3.33333333333333e-01
452 552 -1.66666666666667e-01
452 556 -1.66666666666667e-01
452 561 -3.33333333333333e-01
453 453 6.00000000000000e+00
453 439 -1.00000000000000e+00
453 446 -1.00000000000000e+00
453 452 -1.00000000000000e+00
453 454 -1.00000000000000e+00
453 467 -1.00000000000000e+00
453 552 -1.00000000000000e+00
454 454 5.33333333333333e+00
454 425 -1.66666666666667e-01
454 433 -3.33333333333333e-01
454 439 -1.66666666666667e-01
454 440 -1.66666666666667e-01
454 446 -1.66666666666667e-01
454 447 -1.66666666666667e-01
454 453 -1.00000000000000e+00
454 455 -1.00000000000000e+00
454 461 -3.33333333333333e-01
454 467 -1.66666666666667e-01
454 468 -1.66666666666667e-01
454 330 -1.66666666666667e-01
454 542 -3.33333333333333e-01
454 552 -1.66666666666667e-01
454 553 -1.66666666666667e-01
454 557 -1.66666666666667e-01
454 562 -3.33333333333333e-01
455 455 6.00000000000000e+00
455 440 -1.00000000000000e+00
455 447 -1.00000000000000e+00
455 454 -1.00000000000000e+00
455 456 -1.00000000000000e+00
455 468 -1.00000000000000e+00
455 553 -1.00000000000000e+00
456 456 5.50000000000000e+00
456 426 -1.66666666666667e-01
456 434 -1.66666666666667e-01
456 440 -1.66666666666667e-01
456 448 -1.00000000000000e+00
456 455 -1.00000000000000e+00
456 462 -1.66666666666667e-01
456 468 -1.66666666666667e-01
456 543 -3.33333333333333e-01
456 553 -1.66666666666667e-01
456 558 -1.66666666666667e-01
456 563 -3.33333333333333e-01
457 457 6.00000000000000e+00
457 441 -1.00000000000000e+00
457 458 -1.00000000000000e+00
457 463 -1.00000000000000e+00
457 346 -1.00000000000000e+00
458 458 5.66666666666667e+00
458 442 -1.00000000000000e+00
458 443 -1.66666666666667e-01
458 457 -1.00000000000000e+00
458 459 -1.66666666666667e-01
458 464 -1.00000000000000e+00
458 465 -1.66666666666667e-01
458 327 -1.66666666666667e-01
458 341 -1.66666666666667e-01
458 346 -1.66666666666667e-01
458 347 -3.33333333333333e-01
459 459 5.16666666666667e+00
459 430 -1.66666666666667e-01
459 443 -3.33333333333333e-01
459 444 -3.33333333333333e-01
459 451 -3.33333333333333e-01
459 458 -1.66666666666667e-01
459 460 -1.66666666666667e-01
459 465 -3.33333333333333e-01
459 466 -3.33333333333333e-01
459 328 -3.33333333333333e-01
459 342 -1.66666666666667e-01
459 347 -3.33333333333333e-01
459 348 -3.33333333333333e-01
459 560 -1.66666666666667e-01
460 460 5.33333333333333e+00
460 444 -1.66666666666667e-01
460 445 -1.00000000000000e+00
460 446 -1.66666666666667e-01
460 452 -1.66666666666667e-01
460 459 -1.66666666666667e-01
460 461 -1.66666666666667e-01
460 466 -3.33333333333333e-01
460 467 -3.33333333333333e-01
460 329 -1.66666666666667e-01
460 343 -1.66666666666667e-01
460 348 -3.33333333333333e-01
460 349 -3.33333333333333e-01
460 561 -1.66666666666667e-01
461 461 5.16666666666667e+00
461 433 -1.66666666666667e-01
461 446 -3.33333333333333e-01
461 447 -3.33333333333333e-01
461 454 -3.33333333333333e-01
461 460 -1.66666666666667e-01
461 462 -1.66666666666667e-01
461 467 -3.33333333333333e-01
461 468 -3.33333333333333e-01
461 330 -3.33333333333333e-01
461 344 -1.66666666666667e-01
461 349 -3.33333333333333e-01
461 350 -3.33333333333333e-01
461 562 -1.66666666666667e-01
462 462 5.50000000000000e+00
462 447 -1.66666666666667e-01
462 448 -1.00000000000000e+00
462 456 -1.66666666666667e-01
462 461 -1.66666666666667e-01
462 468 -3.33333333333333e-01
462 331 -1.66666666666667e-01
462 345 -1.66666666666667e-01
462 350 -3.33333333333333e-01
462 563 -1.66666666666667e-01
463 463 5.83333333333333e+00
463 449 -1.00000000000000e+00
463 457 -1.00000000000000e+00
463 464 -1.00000000000000e+00
463 549 -1.66666666666667e-01
463 559 -1.66666666666667e-01
463 564 -1.66666666666667e-01
464 464 6.00000000000000e+00
464 450 -1.00000000000000e+00
464 458 -1.00000000000000e+00
464 463 -1.00000000000000e+00
464 465 -1.00000000000000e+00
464 559 -1.00000000000000e+00
465 465 5.33333333333333e+00
465 436 -1.66666666666667e-01
465 443 -3.33333333333333e-01
465 450 -1.66666666666667e-01
465 451 -3.33333333333333e-01
465 458 -1.66666666666667e-01
465 459 -3.33333333333333e-01
465 464 -1.00000000000000e+00
465 466 -1.66666666666667e-01
465 347 -1.66666666666667e-01
465 550 -3.33333333333333e-01
465 559 -1.66666666666667e-01
465 560 -3.33333333333333e-01
465 565 -1.66666666666667e-01
466 466 5.16666666666667e+00
466 437 -1.66666666666667e-01
466 444 -3.33333333333333e-01
466 451 -3.33333333333333e-01
466 452 -3.33333333333333e-01
466 459 -3.33333333333333e-01
466 460 -3.33333333333333e-01
466 465 -1.66666666666667e-01
466 467 -1.66666666666667e-01
466 348 -1.66666666666667e-01
466 551 -3.33333333333333e-01
466 560 -3.33333333333333e-01
466 561 -3.33333333333333e-01
466 566 -1.66666666666667e-01
467 467 5.33333333333333e+00
467 446 -1.66666666666667e-01
467 452 -1.66666666666667e-01
467 453 -1.00000000000000e+00
467 454 -1.66666666666667e-01
467 460 -3.33333333333333e-01
467 461 -3.33333333333333e-01
467 466 -1.66666666666667e-01
467 468 -1.66666666666667e-01
467 349 -1.66666666666667e-01
467 552 -1.66666666666667e-01
467 561 -3.33333333333333e-01
467 562 -3.33333333333333e-01
467 567 -1.66666666666667e-01
468 468 5.33333333333333e+00
468 447 -1.66666666666667e-01
468 454 -1.66666666666667e-01
468 455 -1.00000000000000e+00
468 456 -1.66666666666667e-01
468 461 -3.33333333333333e-01
468 462 -3.33333333333333e-01
468 467 -1.66666666666667e-01
468 350 -1.66666666666667e-01
468 553 -1.66666666666667e-01
468 562 -3.33333333333333e-01
468 563 -3.33333333333333e-01
468 568 -1.66666666666667e-01
